     0/599     5.19G    0.1209    0.1053   0.05684     0.283       187       640         0         0         0         0         0   0.02542         0
     1/599     4.55G    0.1197    0.1049    0.0561    0.2807       244       640         0         0 0.0007077 0.0001415         0   0.02448         0
     2/599     4.55G    0.1155    0.1054   0.05572    0.2767       154       640         0         0  0.000962 0.0001801         0   0.02401         0
     3/599     4.55G    0.1126    0.1126   0.05375     0.279       246       640         0         0  0.002507 0.0004081         0   0.02333         0
     4/599     4.55G    0.1078    0.1353   0.05346    0.2965       186       640         0         0  0.005852  0.001134         0    0.0236         0
     5/599     4.55G     0.104    0.1303   0.05344    0.2877       242       640         0         0   0.01022  0.002086         0   0.02436         0
     6/599     4.55G    0.1024    0.1302     0.052    0.2846       244       640         0         0   0.03303  0.006286         0   0.02545         0
     7/599     4.55G    0.1016    0.1352   0.05194    0.2888       228       640    0.0666  0.006579   0.05028   0.01244         0   0.02755         0
     8/599     4.55G   0.09675    0.1251   0.05186    0.2737       243       640   0.06194   0.03728   0.06441   0.01725         0   0.03118         0
     9/599     4.55G   0.09309    0.1211   0.05169    0.2659       199       640   0.09173    0.1113   0.07773    0.0229         0   0.03711         0
    10/599     4.55G   0.08992    0.1127   0.05002    0.2527       226       640   0.09726    0.3098    0.1012   0.03009         0   0.04386         0
    11/599     4.55G   0.08501    0.1078     0.049    0.2419       226       640   0.07235    0.4768    0.1226   0.03571         0    0.0544         0
    12/599     4.55G   0.08176   0.09807   0.04827    0.2281       205       640   0.06198     0.633     0.148   0.04358         0   0.06751         0
    13/599     4.55G   0.08033   0.09895   0.04539    0.2247       218       640   0.06206    0.8411    0.1752    0.0517         0   0.08099         0
    14/599     4.55G   0.07418   0.09234   0.04547     0.212       196       640   0.05657     0.893    0.2151   0.06583         0   0.09301         0
    15/599     4.55G   0.07165   0.09962   0.04437    0.2156       241       640   0.05671    0.9349    0.2196   0.07533         0    0.1014         0
    16/599     4.55G   0.06734   0.09144   0.04234    0.2011       255       640   0.05604     0.932    0.2342   0.08658         0    0.1049         0
    17/599     4.55G   0.06369      0.08   0.04258    0.1863       178       640   0.06488    0.9611    0.2644   0.09893         0   0.09864         0
    18/599     4.55G   0.06135    0.0764   0.04249    0.1802       177       640   0.07125    0.9651    0.2765    0.1162         0   0.09363         0
    19/599     4.55G   0.06264   0.09723   0.04239    0.2023       310       640   0.06782    0.9709    0.2904    0.1223         0    0.1076         0
    20/599     4.55G   0.05476   0.07784   0.04033    0.1729       231       640    0.0702    0.9942    0.3065    0.1268         0    0.1089         0
    21/599     4.55G   0.05575   0.08097   0.03957    0.1763       155       640   0.08383    0.9994    0.3489    0.1478         0    0.1062         0
    22/599     4.55G   0.05649   0.08118   0.03961    0.1773       220       640   0.08482    0.9942    0.3658    0.1665         0   0.09863         0
    23/599     4.55G    0.0543    0.0753   0.03918    0.1688       186       640   0.09792    0.9884    0.3858    0.1668         0   0.09008         0
    24/599     4.55G   0.05189   0.07625   0.03766    0.1658       200       640     0.103    0.9767    0.3967    0.2045         0   0.09011         0
    25/599     4.55G   0.05125   0.07016   0.03857      0.16       209       640   0.09965    0.9593    0.4274    0.2099         0   0.08344         0
    26/599     4.55G   0.05439    0.0744   0.03891    0.1677       184       640    0.1257    0.9419    0.4151     0.183         0   0.07454         0
    27/599     4.55G   0.04908   0.06785   0.03774    0.1547       220       640    0.1262    0.9302    0.4292    0.2388         0    0.0793         0
    28/599     4.55G   0.05121   0.07556   0.03827     0.165       280       640   0.09293    0.9302    0.4042    0.2083         0   0.08267         0
    29/599     4.55G   0.05241    0.0661   0.03848     0.157       197       640    0.1148    0.9199    0.4055    0.1929         0   0.06435         0
    30/599     4.55G   0.05081   0.07065   0.03771    0.1592       176       640    0.1469    0.9302    0.4517    0.2135         0   0.07348         0
    31/599     4.55G   0.04934   0.06752   0.03771    0.1546       168       640    0.1204     0.936    0.4754    0.2299         0   0.07046         0
    32/599     4.55G   0.05137    0.0772   0.03636    0.1649       219       640    0.1399    0.9651    0.4913    0.2303         0   0.07824         0
    33/599     4.55G   0.05837   0.07453   0.03499    0.1679       228       640   0.05392    0.7714    0.3053   0.07664         0   0.07348         0
    34/599     4.55G   0.06701   0.07666     0.036    0.1797       204       640   0.07229    0.8612    0.3784    0.1031         0   0.05726         0
    35/599     4.55G   0.07147   0.07852    0.0353    0.1853       163       640   0.08332    0.8108    0.3672    0.1224         0   0.04481         0
    36/599     4.55G    0.0696   0.08341   0.03556    0.1886       220       640   0.08721    0.8605    0.4434    0.1722         0   0.05141         0
    37/599     4.55G   0.06666   0.06635   0.03701      0.17       198       640   0.06917    0.8385    0.1813   0.05327         0   0.04959         0
    38/599     4.55G   0.06793   0.06727   0.03423    0.1694       191       640    0.0972    0.8488    0.4624    0.1787         0   0.04582         0
    39/599     4.55G   0.06738   0.06637   0.03458    0.1683       252       640    0.1022    0.8089    0.3891     0.134         0   0.04305         0
    40/599     4.55G   0.07007   0.07382   0.03389    0.1778       253       640   0.09127    0.7976    0.4137    0.1219         0   0.04502         0
    41/599     4.55G   0.06218   0.08919   0.03398    0.1854       236       640   0.06238    0.8547    0.4169    0.1807         0   0.07585         0
    42/599     4.55G   0.06023   0.06937   0.03283    0.1624       245       640   0.06015    0.7922    0.3056    0.1054         0   0.06416         0
    43/599     4.55G   0.06439   0.07005   0.03106    0.1655       164       640   0.07256    0.8205     0.373    0.1346         0   0.05907         0
    44/599     4.55G   0.06197   0.06174    0.0311    0.1548       163       640     0.115    0.8314    0.4914     0.192         0   0.05319         0
    45/599     4.55G    0.0569   0.06503   0.03154    0.1535       139       640    0.1025    0.8721     0.478    0.2044         0   0.06362         0
    46/599     4.55G   0.05848   0.06281   0.02999    0.1513       144       640   0.07922    0.8143    0.4145    0.2087         0   0.06099         0
    47/599     4.55G   0.06803   0.07088   0.03136    0.1703       210       640   0.08827     0.822    0.2612   0.08522         0   0.05875         0
    48/599     4.55G   0.06827   0.07114   0.02935    0.1688       219       640    0.1169    0.8198    0.4949    0.2551         0   0.05276         0
    49/599     4.55G   0.06066   0.07036   0.03043    0.1615       290       640   0.09827    0.7907    0.3987    0.1159         0   0.05221         0
    50/599     4.55G   0.05893   0.07924   0.02931    0.1675       218       640   0.08572    0.9302    0.4129    0.1321         0   0.08127         0
    51/599     4.55G   0.06219   0.07242   0.02824    0.1629       250       640    0.1097    0.8408    0.4808    0.1764         0   0.06674         0
    52/599     4.55G   0.05602   0.06259   0.03008    0.1487       248       640    0.1107    0.9709    0.5141    0.2245         0   0.07226         0
    53/599     4.55G   0.05567   0.06774   0.02809    0.1515       245       640    0.1077    0.9481    0.4633    0.1402         0   0.07946         0
    54/599     4.55G   0.05909   0.07183   0.02667    0.1576       213       640   0.09293    0.9012    0.4776    0.1812         0   0.07196         0
    55/599     4.55G   0.06107   0.06613   0.02679     0.154       193       640    0.1062    0.8096    0.4184    0.1481         0   0.05784         0
    56/599     4.55G   0.05536   0.07581   0.02698    0.1582       223       640    0.1376    0.8895    0.5039    0.1645         0   0.08002         0
    57/599     4.55G   0.05767   0.07702   0.02767    0.1624       268       640    0.1229    0.8895    0.4604    0.1414         0    0.0668         0
    58/599     4.55G   0.05415   0.06594   0.02715    0.1472       201       640    0.1504    0.9477    0.5135     0.228         0   0.06886         0
    59/599     4.55G   0.05376   0.06591    0.0265    0.1462       202       640    0.1308    0.9535    0.5254    0.2302         0   0.07882         0
    60/599     4.55G   0.05075   0.06274   0.02783    0.1413       169       640    0.1544    0.9128    0.5238    0.2136         0   0.07246         0
    61/599     4.55G   0.05883   0.06925   0.02546    0.1535       208       640    0.1506    0.9074     0.514    0.1814         0   0.06294         0
    62/599     4.55G   0.05313    0.0732   0.02701    0.1533       152       640    0.1449    0.9709    0.5092    0.2145         0   0.06982         0
    63/599     4.55G   0.05419   0.06348   0.02652    0.1442       217       640    0.1211    0.9593    0.3501   0.08249         0   0.07281         0
    64/599     4.55G   0.05825   0.06855   0.02644    0.1532       192       640    0.2005    0.9884    0.6188    0.2775         0   0.07083         0
    65/599     4.55G   0.05127   0.07712   0.02572    0.1541       304       640    0.1792    0.9884    0.6317    0.3403         0   0.07861         0
    66/599     4.55G   0.04719   0.05678   0.02617    0.1301       129       640    0.1353         1    0.5579    0.1949         0   0.08358         0
    67/599     4.55G   0.05241   0.06565   0.02684    0.1449       211       640    0.1532         1    0.5804    0.2106         0   0.07421         0
    68/599     4.55G    0.0498   0.06362   0.02503    0.1385       158       640    0.1616    0.9767    0.5896    0.2129         0   0.08574         0
    69/599     4.55G   0.05208   0.06507    0.0249    0.1421       261       640     0.212    0.9942    0.6283    0.2737         0   0.07465         0
    70/599     4.55G   0.04676   0.05972   0.02529    0.1318       257       640    0.1848    0.9942     0.616    0.2191         0   0.08159         0
    71/599     4.55G   0.04948   0.06448   0.02442    0.1384       186       640    0.1573         1    0.6135      0.24         0   0.08265         0
    72/599     4.55G   0.05166   0.06876   0.02454     0.145       256       640    0.1554         1    0.6355    0.2763         0   0.08122         0
    73/599     4.55G   0.04866   0.07284   0.02307    0.1446       171       640    0.1628         1    0.6372    0.2743         0    0.0846         0
    74/599     4.55G   0.04707   0.06481    0.0235    0.1354       191       640    0.1526         1    0.6298    0.2791         0   0.08042         0
    75/599     4.55G   0.04896   0.05883   0.02547    0.1333       189       640    0.1844    0.9942    0.6055    0.2887         0   0.07797         0
    76/599     4.55G   0.04341   0.05733   0.02414    0.1249       160       640      0.21    0.9942    0.6639    0.3503         0   0.09914         0
    77/599     4.55G    0.0462   0.05947   0.02499    0.1307       152       640    0.1922    0.9942    0.7008    0.4488         0   0.08966         0
    78/599     4.55G   0.04506   0.06801   0.02406    0.1371       218       640    0.1686         1    0.6587    0.2394         0   0.09186         0
    79/599     4.55G   0.04517   0.05748   0.02388    0.1265       183       640     0.208         1    0.7042    0.3826         0   0.08697         0
    80/599     4.55G   0.04576   0.07207   0.02342    0.1412       262       640    0.2253         1    0.7232    0.4582         0   0.08476         0
    81/599     4.55G   0.04843   0.06148   0.02245    0.1324       236       640    0.2685    0.9942    0.7281    0.4751         0   0.06769         0
    82/599     4.55G   0.04089   0.05334   0.02262    0.1169       229       640    0.1676         1    0.6631    0.2223         0   0.09191         0
    83/599     4.55G   0.04789   0.06605   0.02298    0.1369       202       640    0.1799         1    0.6683    0.2652         0   0.08212         0
    84/599     4.55G   0.04289    0.0573   0.02211    0.1223       169       640    0.2113         1    0.6943    0.3698         0   0.09622         0
    85/599     4.55G   0.04512   0.06712   0.02057    0.1328       247       640    0.1833         1    0.6252    0.2799         0   0.08324         0
    86/599     4.55G   0.04012   0.06482   0.02226    0.1272       238       640    0.1606         1    0.6103    0.2532         0    0.1097         0
    87/599     4.55G   0.04816   0.06864   0.02307    0.1399       216       640    0.1992         1    0.6782    0.2912         0   0.07677         0
    88/599     4.55G   0.04002   0.06032   0.02105    0.1214       155       640    0.2347         1     0.748     0.447         0    0.1014         0
    89/599     4.55G   0.03958   0.05402   0.02177    0.1154       147       640    0.3109    0.9942    0.7405    0.3729         0    0.0958         0
    90/599     4.55G   0.04399   0.06269   0.02096    0.1276       191       640    0.3209         1    0.7785    0.4908         0   0.08711         0
    91/599     4.55G   0.04306   0.06865   0.02124     0.133       242       640    0.2177         1    0.7228    0.3047         0   0.08203         0
    92/599     4.55G   0.04507   0.06005   0.02168    0.1268       202       640    0.3273         1    0.7864    0.4841         0   0.08938         0
    93/599     4.55G   0.04168   0.06399   0.02204    0.1277       219       640    0.3247         1    0.8025    0.5486         0   0.09107         0
    94/599     4.55G   0.03857   0.05854    0.0213    0.1184       156       640    0.2417         1    0.7034    0.3922         0   0.09503         0
    95/599     4.55G   0.04502   0.06986   0.02008     0.135       280       640    0.2639         1    0.7238    0.4505         0   0.07525         0
    96/599     4.55G   0.03445   0.05678   0.02094    0.1122       257       640    0.2803         1    0.7611    0.4374         0    0.1098         0
    97/599     4.55G    0.0417   0.05845   0.01869    0.1188       151       640    0.2977         1    0.7643    0.4122         0   0.08193         0
    98/599     4.55G   0.03557   0.05616   0.01732    0.1091       158       640    0.1935         1     0.616    0.3526         0    0.1047         0
    99/599     4.55G   0.03976   0.06336   0.01942    0.1225       262       640    0.2467    0.9884    0.6912    0.3991         0    0.1051         0
   100/599     4.55G   0.03304   0.05768   0.01791    0.1086       221       640    0.2453    0.9651    0.6634    0.3435         0    0.1116         0
   101/599     4.55G    0.0497   0.06277   0.01798    0.1304       188       640    0.2431    0.9884    0.6195    0.2993         0   0.06777         0
   102/599     4.55G   0.04576    0.0759   0.01821    0.1399       193       640    0.1756    0.9884    0.6748    0.2866         0    0.1025         0
   103/599     4.55G   0.04662    0.1018   0.01923    0.1677       222       640    0.2091    0.9913    0.4723    0.1546         0   0.09771         0
   104/599     4.55G    0.0517   0.07776   0.01858     0.148       201       640    0.1861    0.9884    0.6055      0.25         0   0.09377         0
   105/599     4.55G    0.0534   0.07972   0.01827    0.1514       252       640    0.2035         1     0.653    0.3761         0   0.06738         0
   106/599     4.55G   0.04288   0.07037    0.0186    0.1319       196       640    0.1472         1    0.6422     0.302         0    0.1114         0
   107/599     4.55G   0.04981   0.06365   0.01682    0.1303       212       640    0.1691         1    0.7161    0.2799         0   0.09909         0
   108/599     4.55G   0.05045   0.06379   0.01728    0.1315       258       640     0.199         1    0.6244    0.2096         0   0.08692         0
   109/599     4.55G   0.04588    0.0667   0.01691    0.1295       245       640    0.2434    0.9884    0.7386    0.4241         0   0.09747         0
   110/599     4.55G   0.04979   0.07031   0.01774    0.1378       255       640    0.1644    0.9826    0.6293    0.3065         0    0.1002         0
   111/599     4.55G   0.05387    0.0623   0.01686     0.133       195       640    0.2362    0.9651    0.6671    0.3511         0   0.07327         0
   112/599     4.55G   0.04612   0.06568    0.0165    0.1283       163       640    0.3435    0.9651    0.7555    0.4801         0   0.08606         0
   113/599     4.55G    0.0427   0.05747   0.01727    0.1174       219       640    0.2009    0.9767      0.59    0.1862         0   0.09912         0
   114/599     4.55G     0.052   0.05694   0.01616    0.1251       190       640     0.208    0.9884    0.6013    0.2261         0   0.08867         0
   115/599     4.55G   0.05213   0.06231   0.01541    0.1298       164       640    0.2458    0.9942    0.6826    0.3875         0   0.07834         0
   116/599     4.55G    0.0499   0.07298   0.01547    0.1384       169       640    0.2111         1    0.7187    0.3288         0   0.09424         0
   117/599     4.55G     0.048   0.07207    0.0164    0.1365       180       640    0.2388         1    0.7075    0.3781         0    0.0815         0
   118/599     4.55G   0.03962   0.06302   0.01543    0.1181       181       640    0.3357         1    0.7644    0.5155         0   0.09278         0
   119/599     4.55G   0.03952   0.06025   0.01404    0.1138       173       640    0.2724    0.9884    0.8043    0.4253         0    0.0977         0
   120/599     4.55G   0.04196   0.05869    0.0141    0.1148       201       640    0.3292    0.9535     0.761    0.3234         0   0.08896         0
   121/599     4.55G   0.03778   0.05662   0.01335    0.1078       188       640    0.2919    0.9709    0.7623    0.3821         0    0.1007         0
   122/599     4.55G   0.04613   0.06577   0.01395    0.1259       157       640    0.2625    0.9767    0.6693    0.3047         0   0.09224         0
   123/599     4.55G   0.04775   0.06477   0.01403    0.1266       226       640    0.2069    0.9884    0.7261    0.3812         0   0.08459         0
   124/599     4.55G   0.04385   0.06513   0.01348    0.1225       246       640    0.2955    0.9767    0.8297    0.5648         0   0.08047         0
   125/599     4.55G   0.04939   0.06512   0.01399    0.1285       227       640    0.2461    0.9419    0.6773    0.2799         0   0.08474         0
   126/599     4.55G   0.05672   0.06634   0.01369    0.1368       213       640    0.3163    0.8992    0.7386    0.3163         0   0.07525         0
   127/599     4.55G   0.04183   0.05955   0.01419    0.1156       173       640    0.4341    0.9653    0.8743    0.5943         0   0.08119         0
   128/599     4.55G   0.03914   0.06301   0.01299    0.1151       313       640    0.3133    0.9767     0.833    0.4203         0   0.09213         0
   129/599     4.55G   0.04405   0.06174   0.01257    0.1184       206       640    0.2836    0.9884    0.7898    0.4664         0   0.08661         0
   130/599     4.55G   0.03921   0.06317   0.01363     0.116       191       640    0.4164         1     0.891    0.6158         0   0.09993         0
   131/599     4.55G   0.03907    0.0679   0.01332    0.1203       236       640    0.3186         1    0.8168    0.4285         0    0.1148         0
   132/599     4.55G   0.04395   0.06126   0.01334    0.1186       161       640    0.4492    0.9862    0.8496    0.4626         0   0.09281         0
   133/599     4.55G   0.04263   0.06579   0.01211    0.1205       229       640    0.4066    0.9767     0.861    0.3973         0   0.08959         0
   134/599     4.55G   0.04592   0.06688    0.0126    0.1254       196       640    0.4306    0.9651    0.8674    0.5154         0   0.07752         0
   135/599     4.55G   0.03961   0.05616    0.0128    0.1086       195       640    0.3975    0.9651    0.8505    0.4605         0   0.09311         0
   136/599     4.55G   0.03945   0.06012   0.01137    0.1109       187       640    0.3825    0.9535     0.825     0.455         0   0.09339         0
   137/599     4.55G    0.0417   0.06514   0.01148    0.1183       165       640    0.4395    0.9244     0.816    0.5198         0   0.08379         0
   138/599     4.55G   0.03938   0.06937   0.01164    0.1204       214       640    0.3512    0.8953    0.7774    0.3659         0   0.09702         0
   139/599     4.55G   0.04267   0.05722   0.01029    0.1102       184       640    0.4463    0.9171    0.7844    0.4518         0   0.08157         0
   140/599     4.55G   0.03804   0.05787   0.01024    0.1062       185       640     0.487    0.9298     0.837    0.5289         0   0.08694         0
   141/599     4.55G    0.0366   0.06201   0.01088    0.1095       216       640    0.4567     0.907    0.7936    0.5353         0   0.09753         0
   142/599     4.55G   0.03573   0.05985   0.01068    0.1063       223       640    0.4117    0.9128    0.7554       0.4         0    0.1044         0
   143/599     4.55G    0.0447   0.06687  0.009996    0.1216       222       640    0.3015    0.9535    0.6726    0.3451         0   0.09532         0
   144/599     4.55G   0.04863   0.07171  0.009959    0.1303       228       640    0.4704    0.9651    0.8892    0.6382         0    0.0738         0
   145/599     4.55G   0.03234   0.06027   0.01004    0.1026       216       640    0.5018    0.9826    0.8909    0.5391         0   0.09699         0
   146/599     4.55G   0.04357   0.06443  0.009626    0.1176       266       640    0.2801    0.9826    0.6501    0.3314         0   0.09184         0
   147/599     4.55G   0.04653   0.06556  0.009728    0.1218       222       640    0.3668    0.9597    0.8818    0.5442         0   0.07702         0
   148/599     4.55G   0.04001   0.06296  0.008995     0.112       233       640    0.4353    0.9528    0.8624    0.4402         0   0.08738         0
   149/599     4.55G   0.04014   0.06159  0.009116    0.1108       187       640    0.5171    0.9535    0.9048    0.6822         0   0.09233         0
   150/599     4.55G   0.03877   0.06307  0.009162     0.111       261       640    0.4611    0.9265    0.8202    0.5046         0    0.1008         0
   151/599     4.55G   0.03908   0.06607  0.009904    0.1151       225       640    0.3992    0.9477    0.7838    0.4277         0   0.09016         0
   152/599     4.55G   0.04042   0.07469    0.0099     0.125       136       640    0.5247    0.9593    0.8314    0.4963         0   0.09069         0
   153/599     4.55G   0.04071   0.07964  0.009244    0.1296       285       640    0.5807    0.9607    0.8963    0.6007         0   0.08869         0
   154/599     4.55G   0.03065   0.06754    0.0109    0.1091       245       640    0.4769    0.9651    0.8984    0.6254         0    0.1179         0
   155/599     4.55G   0.03628   0.05742  0.008437    0.1021       208       640    0.4061    0.9651    0.8466    0.4372         0    0.1101         0
   156/599     4.55G   0.04334   0.05996  0.008698     0.112       177       640    0.3995    0.9771    0.7709    0.2944         0    0.0956         0
   157/599     4.55G   0.03959    0.0625  0.008092    0.1102       214       640    0.5843    0.9822    0.9045    0.6306         0    0.1012         0
   158/599     4.55G   0.03745   0.05868  0.009308    0.1054       180       640    0.4077     0.984    0.7757    0.5553         0    0.1095         0
   159/599     4.55G   0.03972   0.06505  0.009506    0.1143       279       640    0.4088     0.973    0.8114     0.491         0   0.09578         0
   160/599     4.55G   0.03404   0.05231  0.007698   0.09405       187       640    0.4245    0.9884    0.8136    0.4736         0   0.09612         0
   161/599     4.55G   0.03967   0.06098  0.007903    0.1086       214       640    0.4894    0.9826    0.9046    0.6734         0   0.08878         0
   162/599     4.55G    0.0364   0.06423  0.007476    0.1081       226       640    0.5389    0.9644    0.9091    0.6981         0    0.1042         0
   163/599     4.55G   0.03671   0.05232  0.008209   0.09724       171       640    0.4564    0.9663    0.8725    0.5501         0    0.1014         0
   164/599     4.55G   0.03815    0.0646  0.008782    0.1115       192       640    0.4078    0.9717    0.8421    0.4831         0   0.09704         0
   165/599     4.55G    0.0395   0.06481  0.008005    0.1123       199       640    0.5896    0.9621    0.9113    0.6004         0   0.09612         0
   166/599     4.55G   0.03154    0.0667  0.008443    0.1067       164       640     0.496     0.938    0.8868    0.5681         0    0.0986         0
   167/599     4.55G   0.02787   0.05336  0.009464    0.0907       134       640    0.5947    0.9675    0.9353    0.7026         0    0.1065         0
   168/599     4.55G   0.02482   0.05607   0.00784   0.08873       226       640    0.3432    0.9782    0.8291    0.5253         0    0.1169         0
   169/599     4.55G   0.04878   0.06304   0.00796    0.1198       205       640     0.337    0.9767    0.7869    0.3734         0   0.08921         0
   170/599     4.55G   0.04645   0.07038  0.007971    0.1248       155       640    0.3832    0.9366    0.7588    0.3495         0   0.07848         0
   171/599     4.55G   0.03758   0.06582  0.008233    0.1116       216       640    0.4893    0.9131    0.8154    0.4219         0   0.08268         0
   172/599     4.55G   0.03375   0.06091   0.01009    0.1047       241       640    0.5174    0.8958     0.783    0.4853         0      0.11         0
   173/599     4.55G   0.03993   0.06572  0.008235    0.1139       178       640    0.3343    0.9459       0.7     0.348         0   0.09938         0
   174/599     4.55G   0.04202   0.07933   0.00825    0.1296       244       640    0.4057    0.9582    0.8182    0.5557         0    0.0876         0
   175/599     4.55G   0.03169    0.0591  0.007944   0.09873       226       640    0.4903    0.9669    0.8901    0.6454         0   0.08426         0
   176/599     4.55G   0.02882   0.05575  0.007239   0.09181       214       640    0.4993    0.9818    0.9042    0.6773         0    0.0995         0
   177/599     4.55G   0.03807     0.062  0.007081    0.1072       239       640    0.3953    0.9821    0.7625    0.4222         0   0.09726         0
   178/599     4.55G   0.04823   0.06525  0.007491     0.121       216       640     0.461     0.976    0.7574    0.4275         0   0.08503         0
   179/599     4.55G   0.03791   0.05866  0.007346    0.1039       221       640    0.4564    0.9862    0.7908    0.5007         0    0.0836         0
   180/599     4.55G   0.03547   0.05465  0.008285   0.09841       250       640    0.4604    0.9829    0.8513    0.6098         0    0.1047         0
   181/599     4.55G   0.04587   0.06059  0.007509     0.114       233       640    0.3498    0.9884    0.8098    0.4414         0   0.09416         0
   182/599     4.55G   0.04687   0.06522  0.007569    0.1197       267       640    0.4269    0.9862     0.856    0.5808         0   0.07726         0
   183/599     4.55G   0.03211   0.05353  0.007422   0.09306       150       640    0.4957    0.9364     0.865    0.5663         0   0.07997         0
   184/599     4.55G   0.03114   0.06121  0.007403   0.09976       261       640    0.4357    0.8841    0.8189    0.4891         0     0.102         0
   185/599     4.55G   0.04595   0.06523  0.007474    0.1187       255       640    0.4663    0.9193    0.8492    0.3704         0   0.09327         0
   186/599     4.55G   0.04185   0.06128  0.007661    0.1108       265       640    0.4031    0.9359    0.7719    0.4075         0   0.08321         0
   187/599     4.55G   0.03264   0.05711  0.006919   0.09667       197       640     0.524    0.9447    0.8689    0.5346         0   0.08669         0
   188/599     4.55G   0.02804   0.04793  0.008571   0.08454       168       640    0.5283    0.9684    0.8725    0.5882         0    0.1094         0
   189/599     4.55G   0.03984    0.0653  0.007341    0.1125       156       640    0.4688    0.8995    0.7657    0.3641         0   0.09813         0
   190/599     4.55G   0.04173   0.08128    0.0077    0.1307       230       640    0.5315    0.8897    0.8285    0.5616         0   0.08704         0
   191/599     4.55G   0.03071   0.06519   0.00788    0.1038       181       640    0.6481    0.8537    0.8745    0.6185         0   0.08864         0
   192/599     4.55G   0.02532   0.05352  0.007751   0.08659       232       640     0.567    0.9256    0.9189    0.6081         0    0.1042         0
   193/599     4.55G   0.03919   0.06707  0.006665    0.1129       216       640    0.4669    0.9115    0.8606    0.5217         0   0.09927         0
   194/599     4.55G   0.04088   0.06487  0.006718    0.1125       220       640    0.6056    0.9083    0.9249    0.6638         0   0.09548         0
   195/599     4.55G   0.03204   0.05975  0.006947   0.09874       252       640    0.6473    0.9371    0.9548    0.7107         0    0.1018         0
   196/599     4.55G   0.02764   0.05258  0.006224   0.08644       199       640    0.5324    0.9668    0.9036    0.6082         0    0.1154         0
   197/599     4.55G   0.03655    0.0659   0.00576    0.1082       238       640    0.4315    0.9746    0.8516    0.5369         0    0.1122         0
   198/599     4.55G   0.03804   0.06833  0.005884    0.1123       209       640    0.5898    0.9702    0.9025     0.548         0   0.09777         0
   199/599     4.55G   0.02887   0.05944   0.00561   0.09392       215       640    0.5914    0.9662    0.9019    0.5627         0    0.1027         0
   200/599     4.55G   0.02594   0.05784  0.006441   0.09023       188       640    0.6075    0.9718    0.9152     0.659         0     0.123         0
   201/599     4.55G    0.0337   0.06275   0.00562    0.1021       215       640    0.3947    0.9684    0.7156    0.4986         0    0.1189         0
   202/599     4.55G   0.03795   0.07632  0.006909    0.1212       242       640    0.4083     0.965    0.8505    0.6914         0    0.1046         0
   203/599     4.55G   0.02802    0.0577  0.006798   0.09252       129       640    0.4513     0.957    0.8846    0.7265         0    0.1016         0
   204/599     4.55G   0.02482   0.05125  0.006284   0.08236       213       640    0.4822    0.9748    0.9054    0.6912         0     0.108         0
   205/599     4.55G   0.03471   0.05625  0.007546   0.09851       207       640    0.5416    0.9448    0.8767    0.5141         0    0.1163         0
   206/599     4.55G   0.03954   0.05746  0.005719    0.1027       160       640    0.5585    0.9405    0.8605    0.5828         0    0.1017         0
   207/599     4.55G   0.03354   0.05949  0.007189    0.1002       217       640    0.6067    0.9591    0.9173    0.6535         0    0.1028         0
   208/599     4.55G   0.02707    0.0471  0.007355   0.08152       141       640    0.4936    0.9779    0.8912    0.5371         0    0.1118         0
   209/599     4.55G   0.04053   0.06723  0.006481    0.1142       194       640    0.5053    0.9666    0.8584    0.5371         0   0.09987         0
   210/599     4.55G   0.03734   0.05786  0.006374    0.1016       213       640    0.5543    0.9775    0.9081    0.5814         0   0.09292         0
   211/599     4.55G   0.02715   0.05265  0.006743   0.08654       190       640     0.663     0.967    0.9431    0.5703         0   0.09537         0
   212/599     4.55G   0.02441   0.05431  0.006124   0.08484       211       640    0.6882    0.9158    0.9389    0.7151         0     0.112         0
   213/599     4.55G   0.03072   0.05703  0.005798   0.09355       187       640    0.5309     0.899    0.8344    0.5008         0    0.1191         0
   214/599     4.55G    0.0369   0.07193  0.005714    0.1145       254       640    0.5937    0.8805    0.8647    0.5984         0    0.1063         0
   215/599     4.55G   0.02703   0.05674  0.006131   0.08991       275       640    0.6569    0.8899    0.9059    0.7065         0     0.104         0
   216/599     4.55G   0.02165   0.04549  0.006234   0.07337       184       640    0.5202    0.9331    0.8792    0.6814         0    0.1184         0
   217/599     4.55G   0.03367   0.05284  0.005482     0.092       209       640     0.494    0.9266    0.8257    0.4108         0    0.1087         0
   218/599     4.55G    0.0343   0.05753  0.005213   0.09705       203       640    0.5051    0.9566    0.8932    0.6607         0    0.1007         0
   219/599     4.55G   0.02987   0.05568  0.005645    0.0912       217       640    0.5367    0.9673    0.8943    0.7307         0    0.1042         0
   220/599     4.55G   0.02878   0.04816  0.005769   0.08271       228       640    0.4991    0.9733    0.9112    0.7646         0    0.1183         0
   221/599     4.55G   0.03816   0.05836  0.005204    0.1017       179       640    0.5702    0.9665    0.9365    0.6788         0    0.1235         0
   222/599     4.55G   0.04126   0.06609  0.005653     0.113       172       640    0.6023    0.9703    0.9456    0.7631         0    0.1066         0
   223/599     4.55G   0.03011   0.06802  0.005593    0.1037       291       640    0.7435    0.9613    0.9661    0.7844         0    0.1015         0
   224/599     4.55G   0.02663   0.05729  0.005368   0.08929       232       640    0.6838    0.9604     0.945    0.7485         0    0.1069         0
   225/599     4.55G   0.02756   0.05441   0.00482   0.08678       280       640    0.6921    0.9535     0.943    0.7604         0    0.1097         0
   226/599     4.55G   0.03044   0.05506  0.005175   0.09067       254       640    0.7171    0.9665     0.949     0.825         0     0.108         0
   227/599     4.55G   0.02526   0.04927   0.00534   0.07987       202       640    0.7763    0.9655    0.9573    0.7444         0    0.1105         0
   228/599     4.55G   0.02042   0.05009  0.004515   0.07503       244       640    0.7469    0.9659    0.9502    0.7912         0    0.1206         0
   229/599     4.55G   0.03126   0.05654  0.004692   0.09249       216       640    0.5437    0.9778    0.9281    0.5831         0    0.1182         0
   230/599     4.55G   0.03419   0.06156  0.005264     0.101       286       640    0.6332    0.9746    0.9497    0.8072         0     0.108         0
   231/599     4.55G   0.02207   0.05042  0.004994   0.07748       221       640    0.6764     0.968    0.9397    0.8305         0    0.1099         0
   232/599     4.55G   0.01923   0.04506  0.004929   0.06922       171       640    0.6765    0.9702    0.9421    0.7947         0    0.1285         0
   233/599     4.55G   0.02739   0.04894  0.004099   0.08043       160       640    0.5731     0.971    0.9202    0.7003         0    0.1247         0
   234/599     4.55G   0.03304   0.05232  0.004931   0.09029       167       640    0.6278    0.9734    0.9332    0.8153         0    0.1168         0
   235/599     4.55G    0.0258   0.04629  0.005431   0.07752       245       640    0.6666    0.9745    0.9433    0.8288         0    0.1135         0
   236/599     4.55G   0.02072    0.0493  0.005044   0.07507       245       640    0.7301    0.9811    0.9649    0.8469         0    0.1228         0
   237/599     4.55G    0.0282   0.04828  0.005536   0.08202       144       640     0.715    0.9833    0.9579    0.7432         0    0.1178         0
   238/599     4.55G   0.02774   0.05324   0.00502     0.086       225       640     0.745    0.9874    0.9698    0.8331         0    0.1125         0
   239/599     4.55G   0.01945   0.04453  0.004994   0.06898       168       640    0.7531    0.9747    0.9687    0.8717         0    0.1141         0
   240/599     4.55G   0.01575   0.04362  0.004846   0.06422       205       640     0.751    0.9851    0.9656    0.8268         0    0.1303         0
   241/599     4.55G   0.02513    0.0553  0.004728   0.08515       213       640    0.6826    0.9884    0.9482    0.6987         0    0.1324         0
   242/599     4.55G   0.03095    0.0576  0.004674   0.09322       249       640    0.6859    0.9884    0.9568    0.7808         0     0.123         0
   243/599     4.55G   0.02212   0.04261   0.00535   0.07008       196       640    0.6828    0.9942    0.9638    0.8497         0    0.1207         0
   244/599     4.55G   0.01808   0.04156  0.004149   0.06379       158       640    0.7285    0.9942    0.9786    0.7369         0    0.1297         0
   245/599     4.55G   0.02783   0.04632  0.004699   0.07885       202       640    0.7092    0.9942    0.9709    0.7348         0    0.1271         0
   246/599     4.55G   0.02933   0.04649  0.004445   0.08026       210       640    0.6986     0.992    0.9656    0.8223         0    0.1199         0
   247/599     4.55G   0.02399   0.04354  0.005372   0.07291       171       640    0.6654     0.992    0.9577    0.8266         0    0.1171         0
   248/599     4.55G   0.02165   0.05065  0.005236   0.07754       251       640    0.6593     0.992    0.9549    0.7442         0    0.1273         0
   249/599     4.55G   0.03122   0.04924  0.004507   0.08497       217       640    0.7165    0.9898    0.9636    0.7303         0    0.1235         0
   250/599     4.55G   0.03087   0.06107  0.004781   0.09673       277       640    0.7403    0.9854    0.9605    0.7878         0    0.1179         0
   251/599     4.55G   0.02182   0.05009  0.004689    0.0766       250       640    0.7394     0.969    0.9485    0.8369         0    0.1172         0
   252/599     4.55G   0.01831   0.03971   0.00482   0.06285       158       640    0.7296    0.9657    0.9462    0.8111         0    0.1271         0
   253/599     4.55G   0.02338    0.0496  0.004406   0.07739       166       640    0.7236    0.9701    0.9383    0.7655         0    0.1306         0
   254/599     4.55G   0.02981   0.05119  0.004495    0.0855       288       640    0.7406    0.9572    0.9397    0.7568         0    0.1253         0
   255/599     4.55G   0.02415   0.05155  0.005249   0.08095       203       640    0.7466    0.9621    0.9529    0.8106         0    0.1208         0
   256/599     4.55G    0.0182   0.03977   0.00433    0.0623       167       640     0.762    0.9636    0.9656    0.8314         0    0.1266         0
   257/599     4.55G   0.02598   0.04684  0.004207   0.07703       174       640     0.768    0.9585    0.9676    0.7536         0    0.1283         0
   258/599     4.55G   0.02902   0.05476  0.004069   0.08785       164       640    0.7677    0.9553    0.9609    0.7639         0    0.1191         0
   259/599     4.55G   0.02011   0.04517  0.004356   0.06963       169       640    0.7871    0.9631    0.9547     0.806         0    0.1129         0
   260/599     4.55G   0.01764   0.04409  0.004313   0.06604       197       640    0.7778    0.9633    0.9504    0.8117         0    0.1213         0
   261/599     4.55G   0.02559   0.04738  0.003757   0.07673       217       640    0.7655    0.9625    0.9435    0.7488         0    0.1202         0
   262/599     4.55G   0.03156   0.05145  0.004651   0.08766       162       640    0.7706     0.972    0.9562    0.7336         0     0.116         0
   263/599     4.55G   0.02093   0.04114  0.004589   0.06666       186       640    0.7778      0.98    0.9657    0.7519         0    0.1145         0
   264/599     4.55G   0.01838   0.04418   0.00446   0.06702       253       640    0.7669    0.9862    0.9642    0.7892         0    0.1195         0
   265/599     4.55G   0.02731   0.05675  0.004243    0.0883       261       640    0.7758      0.98    0.9664    0.7814         0    0.1235         0
   266/599     4.55G   0.02627   0.04392  0.004338   0.07453       187       640    0.7678    0.9622    0.9686    0.8162         0    0.1197         0
   267/599     4.55G   0.01953    0.0479  0.004608   0.07204       277       640    0.7545    0.9104    0.9525    0.8449         0    0.1209         0
   268/599     4.55G   0.01811   0.04704  0.004753    0.0699       244       640     0.766     0.853    0.9211    0.7881         0     0.134         0
   269/599     4.55G    0.0248    0.0485  0.004624   0.07793       178       640    0.7486    0.8559    0.9194    0.6963         0    0.1358         0
   270/599     4.55G   0.02719   0.04471  0.004179   0.07608       188       640    0.7362    0.8757    0.9291    0.7235         0    0.1286         0
   271/599     4.55G   0.01941   0.04586  0.004714   0.06998       213       640    0.7458    0.8943    0.9423    0.8108         0    0.1251         0
   272/599     4.55G    0.0177   0.03909  0.004151   0.06094       173       640    0.7453    0.9358    0.9522    0.6873         0    0.1328         0
   273/599     4.55G   0.02794   0.04841  0.004223   0.08057       137       640    0.7142    0.9613    0.9418    0.6872         0     0.128         0
   274/599     4.55G   0.02554   0.05134  0.004659   0.08154       188       640    0.7195    0.9392    0.9434    0.7159         0    0.1244         0
   275/599     4.55G   0.01882   0.04303  0.003926   0.06578       154       640    0.7244    0.9402    0.9385    0.7927         0    0.1238         0
   276/599     4.55G   0.01791   0.04413  0.003852   0.06589       220       640    0.7447    0.9214    0.9478    0.7857         0    0.1294         0
   277/599     4.55G   0.02409    0.0492  0.003876   0.07717       233       640    0.7127    0.8939    0.9412    0.7657         0    0.1256         0
   278/599     4.55G   0.02564   0.05186  0.003597   0.08109       202       640    0.7445    0.8845    0.9384     0.807         0    0.1204         0
   279/599     4.55G   0.01916   0.04226  0.004053   0.06547       168       640    0.7499    0.8821    0.9389    0.8268         0    0.1199         0
   280/599     4.55G   0.01503   0.03717  0.004093    0.0563       201       640    0.7353    0.9312    0.9565    0.8509         0     0.124         0
   281/599     4.55G   0.02426   0.04219  0.004578   0.07103       231       640     0.733    0.9512    0.9624    0.7285         0    0.1274         0
   282/599     4.55G    0.0254   0.04586  0.004496   0.07575       156       640    0.7343    0.9658    0.9683    0.8191         0    0.1223         0
   283/599     4.55G    0.0184   0.04403  0.004115   0.06654       224       640    0.7427    0.9774    0.9709    0.8449         0    0.1241         0
   284/599     4.55G   0.01631   0.04336  0.004406   0.06407       284       640    0.7342    0.9752    0.9722    0.7345         0    0.1351         0
   285/599     4.55G   0.02641   0.04591  0.004249   0.07657       202       640    0.7337     0.973    0.9729    0.7757         0    0.1344         0
   286/599     4.55G   0.02507   0.04775  0.003834   0.07665       219       640    0.7508    0.9621    0.9718    0.8396         0    0.1321         0
   287/599     4.55G   0.01899   0.04106  0.004047    0.0641       211       640    0.7493    0.9577    0.9687    0.8489         0    0.1312         0
   288/599     4.55G   0.01601   0.04163  0.004017   0.06165       160       640    0.7482    0.9599    0.9706    0.7923         0    0.1367         0
   289/599     4.55G   0.02376   0.05076  0.003928   0.07844       254       640    0.7493    0.9635    0.9717     0.815         0    0.1368         0
   290/599     4.55G   0.02558   0.04776   0.00428   0.07762       241       640    0.7464    0.9674    0.9716    0.8203         0     0.131         0
   291/599     4.55G   0.01852   0.04358  0.004151   0.06625       253       640    0.7403    0.9717    0.9719    0.8747         0    0.1291         0
   292/599     4.55G   0.01504   0.04087  0.003481   0.05938       207       640    0.7399    0.9701    0.9752    0.8681         0    0.1389         0
   293/599     4.55G   0.02518    0.0487  0.003578   0.07747       211       640    0.7501    0.9701    0.9726    0.8171         0    0.1371         0
   294/599     4.55G   0.02479   0.04787  0.004078   0.07673       200       640    0.7363    0.9722    0.9651     0.804         0    0.1317         0
   295/599     4.55G    0.0196   0.04429  0.004454   0.06834       203       640    0.7347    0.9728     0.961    0.8113         0    0.1295         0
   296/599     4.55G   0.01617   0.03766  0.003401   0.05723       197       640    0.7079    0.9686    0.9543    0.8352         0    0.1328         0
   297/599     4.55G   0.02583    0.0496  0.004372   0.07981       218       640    0.7439    0.9638    0.9616    0.7457         0    0.1333         0
   298/599     4.55G   0.02535     0.049   0.00388   0.07823       230       640    0.7393    0.9482     0.959    0.8368         0    0.1256         0
   299/599     4.55G   0.01788   0.04113  0.003949   0.06296       213       640    0.7566    0.9372    0.9633    0.8707         0    0.1234         0
   300/599     4.55G   0.01377   0.03999  0.003968   0.05773       217       640    0.7683    0.9139     0.961    0.7853         0     0.131         0
   301/599     4.55G   0.02256   0.04808  0.003633   0.07427       218       640    0.7653    0.8902    0.9593    0.7628         0    0.1327         0
   302/599     4.55G   0.02608   0.05639  0.003487   0.08596       223       640    0.7518    0.8811    0.9489    0.8351         0    0.1281         0
   303/599     4.55G   0.01614   0.03619  0.003796   0.05613       143       640     0.752    0.8794    0.9469    0.8499         0    0.1267         0
   304/599     4.55G   0.01417     0.035   0.00328   0.05245       221       640    0.7601    0.8887    0.9501    0.8626         0    0.1335         0
   305/599     4.55G   0.02057   0.04678  0.003568   0.07092       219       640    0.7561    0.8918    0.9436    0.7372         0    0.1367         0
   306/599     4.55G   0.02488   0.04987  0.003433   0.07818       192       640    0.7571    0.8932    0.9464     0.824         0    0.1304         0
   307/599     4.55G   0.01685   0.03711  0.003059   0.05702       172       640     0.744    0.8902    0.9447    0.8485         0    0.1292         0
   308/599     4.55G   0.01656   0.04225  0.003641   0.06245       253       640    0.7422    0.8896    0.9431    0.8006         0    0.1342         0
   309/599     4.55G   0.02504   0.04433  0.003106   0.07247       173       640    0.7517    0.8808    0.9468    0.7626         0    0.1339         0
   310/599     4.55G   0.02441    0.0492  0.003553   0.07716       219       640    0.7479    0.8743     0.943      0.81         0    0.1272         0
   311/599     4.55G   0.01765   0.04166   0.00379    0.0631       182       640    0.7737    0.8813    0.9499    0.8528         0    0.1251         0
   312/599     4.55G   0.01517   0.03626  0.003696   0.05513       173       640    0.7569    0.8862    0.9591    0.8268         0    0.1316         0
   313/599     4.55G   0.02371   0.04525  0.003363   0.07232       176       640     0.772    0.9233    0.9653    0.7246         0    0.1309         0
   314/599     4.55G   0.02922   0.05302  0.003925   0.08616       170       640    0.7774    0.9476    0.9722    0.8466         0    0.1258         0
   315/599     4.55G   0.01893   0.04722  0.003191   0.06933       198       640    0.7865     0.959    0.9751    0.8815         0    0.1243         0
   316/599     4.55G   0.01593    0.0405  0.003408   0.05984       247       640    0.7581    0.9742    0.9778    0.8718         0    0.1306         0
   317/599     4.55G   0.02287   0.05187  0.003102   0.07784       251       640    0.7683    0.9477     0.976    0.8128         0    0.1321         0
   318/599     4.55G   0.02121   0.04043  0.003209   0.06486       178       640    0.7575    0.9451     0.973    0.8789         0    0.1304         0
   319/599     4.55G   0.01788   0.04111  0.003825   0.06281       171       640    0.7453    0.9449    0.9678    0.8739         0    0.1307         0
   320/599     4.55G   0.01556   0.03779  0.003088   0.05644       171       640    0.7487     0.946    0.9648    0.8178         0    0.1347         0
   321/599     4.55G   0.02621    0.0512  0.003407   0.08081       227       640    0.7524    0.9475    0.9669    0.8263         0    0.1336         0
   322/599     4.55G   0.02256   0.05035  0.003737   0.07665       168       640    0.7611    0.9577    0.9702    0.8449         0    0.1292         0
   323/599     4.55G   0.01687    0.0416  0.003259   0.06173       240       640    0.7707    0.9641    0.9717    0.8662         0    0.1281         0
   324/599     4.55G   0.01463   0.04092  0.003834   0.05938       185       640    0.7664    0.9693     0.972    0.8554         0    0.1339         0
   325/599     4.55G   0.01973   0.04256  0.003481   0.06577       212       640    0.7591    0.9759    0.9711     0.821         0     0.134         0
   326/599     4.55G   0.02246   0.04254  0.003885   0.06889       194       640     0.774     0.969    0.9733    0.8185         0    0.1336         0
   327/599     4.55G   0.01791    0.0382  0.003859   0.05997       244       640    0.7782    0.9616    0.9739     0.834         0    0.1331         0
   328/599     4.55G   0.01565   0.04097  0.003047   0.05967       169       640    0.7686    0.9531    0.9683    0.8474         0    0.1365         0
   329/599     4.55G    0.0239   0.04928  0.003262   0.07644       205       640    0.7662    0.9409    0.9635    0.8001         0    0.1364         0
   330/599     4.55G   0.02282   0.04116  0.003415   0.06739       206       640    0.7649    0.9389    0.9612    0.8368         0     0.131         0
   331/599     4.55G   0.01741   0.04092  0.003002   0.06133       242       640    0.7688    0.9353    0.9606    0.8466         0    0.1292         0
   332/599     4.55G   0.01456   0.03556   0.00323   0.05334       205       640     0.762    0.9424      0.96    0.8011         0    0.1345         0
   333/599     4.55G   0.02021    0.0367  0.003036   0.05995       200       640    0.7578    0.9533    0.9628     0.754         0    0.1357         0
   334/599     4.55G   0.02453   0.04367  0.003459   0.07166       205       640    0.7655    0.9669    0.9751     0.862         0    0.1329         0
   335/599     4.55G   0.01727    0.0415  0.002982   0.06175       232       640    0.7692    0.9829    0.9739    0.8777         0    0.1326         0
   336/599     4.55G    0.0146   0.03745   0.00286    0.0549       293       640    0.7534    0.9898    0.9604    0.8577         0    0.1395         0
   337/599     4.55G   0.02178   0.04826  0.003662    0.0737       277       640    0.7626    0.9898    0.9563     0.792         0    0.1436         0
   338/599     4.55G   0.02473   0.04859  0.003272   0.07659       182       640    0.7482    0.9844    0.9568    0.8348         0    0.1385         0
   339/599     4.55G   0.01753   0.04542  0.003585   0.06654       298       640    0.7455    0.9898     0.961    0.8667         0    0.1391         0
   340/599     4.55G   0.01484    0.0346  0.003044   0.05248       249       640    0.7559    0.9881    0.9702    0.8753         0    0.1459         0
   341/599     4.55G   0.02002   0.04157  0.002801   0.06439       171       640    0.7542    0.9818    0.9723    0.8443         0    0.1447         0
   342/599     4.55G   0.02004   0.04261  0.002887   0.06554       235       640    0.7703    0.9862    0.9763     0.865         0    0.1459         0
   343/599     4.55G   0.01639   0.03817   0.00342   0.05798       221       640    0.7802    0.9804    0.9792    0.8806         0     0.147         0
   344/599     4.55G   0.01503   0.04342  0.003103   0.06156       217       640    0.7818    0.9741    0.9792    0.8698         0    0.1524         0
   345/599     4.55G   0.02037     0.047  0.003294   0.07066       149       640    0.7798     0.976    0.9773    0.8347         0    0.1519         0
   346/599     4.55G   0.02243   0.05152  0.003468   0.07742       213       640    0.7789    0.9722    0.9778    0.8837         0    0.1452         0
   347/599     4.55G   0.01678   0.04147   0.00388   0.06213       248       640    0.7849    0.9726    0.9777    0.8949         0    0.1416         0
   348/599     4.55G   0.01285   0.03079  0.002867    0.0465       253       640    0.7665    0.9613    0.9732     0.869         0    0.1402         0
   349/599     4.55G   0.02032   0.04791  0.003322   0.07155       301       640    0.7564    0.9483    0.9698    0.8145         0    0.1411         0
   350/599     4.55G   0.02194   0.04034  0.003036   0.06532       222       640    0.7476    0.9375    0.9678    0.8808         0    0.1384         0
   351/599     4.55G   0.01553   0.04044  0.003244   0.05921       252       640    0.7567    0.9421    0.9729     0.902         0    0.1385         0
   352/599     4.55G    0.0137   0.03492  0.003124   0.05175       190       640    0.7668    0.9738      0.98    0.9032         0    0.1444         0
   353/599     4.55G   0.02083    0.0438  0.003334   0.06797       242       640    0.7729    0.9738    0.9806    0.8551         0    0.1438         0
   354/599     4.55G    0.0237   0.04626  0.003319   0.07328       234       640    0.7699    0.9701     0.977    0.8973         0    0.1386         0
   355/599     4.55G   0.01523   0.03489  0.003256   0.05338       183       640    0.7764    0.9658    0.9741     0.905         0    0.1365         0
   356/599     4.55G   0.01493   0.04311  0.003375   0.06142       230       640    0.7674    0.9694    0.9684    0.8886         0    0.1416         0
   357/599     4.55G   0.01983   0.04142  0.003034   0.06428       192       640    0.7728    0.9571    0.9663    0.8808         0    0.1452         0
   358/599     4.55G   0.01995   0.04215  0.003004    0.0651       202       640    0.7659    0.9575    0.9625    0.8968         0    0.1432         0
   359/599     4.55G   0.01442   0.03642  0.003412   0.05425       176       640    0.7704    0.9489    0.9628    0.8826         0    0.1443         0
   360/599     4.55G   0.01296   0.03382  0.003177   0.04996       198       640    0.7657    0.9555    0.9629      0.84         0    0.1477         0
   361/599     4.55G   0.01994   0.04046  0.002752   0.06315       210       640    0.7783    0.9555    0.9651    0.7955         0    0.1505         0
   362/599     4.55G   0.02264   0.05314  0.003125   0.07891       231       640    0.7769      0.96    0.9661    0.8612         0    0.1436         0
   363/599     4.55G   0.01495   0.03616  0.003062   0.05418       204       640    0.7867    0.9591     0.967    0.8706         0    0.1414         0
   364/599     4.55G    0.0127   0.03328  0.003268   0.04924       217       640    0.7838    0.9625    0.9657    0.8884         0    0.1433         0
   365/599     4.55G   0.01682   0.03827  0.002821   0.05791       212       640    0.7755     0.963    0.9644    0.8729         0    0.1455         0
   366/599     4.55G   0.01709   0.03855   0.00314   0.05878       200       640    0.7783    0.9613    0.9603    0.8845         0    0.1452         0
   367/599     4.55G   0.01417   0.03802  0.003063   0.05525       203       640    0.7786    0.9591    0.9579    0.8829         0    0.1471         0
   368/599     4.55G   0.01349   0.03714  0.003037   0.05367       213       640    0.7682     0.961     0.962    0.8407         0    0.1496         0
   369/599     4.55G   0.02202   0.04563  0.002854    0.0705       190       640    0.7693    0.9617     0.966    0.8496         0     0.148         0
   370/599     4.55G   0.02166   0.04876  0.003049   0.07348       213       640    0.7679    0.9635     0.971    0.8631         0    0.1425         0
   371/599     4.55G   0.01503   0.03779  0.002983    0.0558       208       640    0.7576    0.9618    0.9712    0.8892         0    0.1408         0
   372/599     4.55G   0.01336   0.03651  0.003195   0.05307       206       640    0.7439     0.954    0.9697    0.8668         0    0.1441         0
   373/599     4.55G   0.02297   0.04897  0.003213   0.07515       228       640     0.752    0.9424    0.9702    0.8075         0    0.1445         0
   374/599     4.55G   0.02274   0.04747  0.002786     0.073       230       640    0.7717     0.938    0.9704    0.8414         0    0.1396         0
   375/599     4.55G   0.01561   0.03517  0.002921    0.0537       216       640    0.7688    0.9324    0.9665    0.8646         0    0.1378         0
   376/599     4.55G    0.0143   0.03715  0.003189   0.05464       238       640    0.7682    0.9271    0.9577    0.8447         0    0.1404         0
   377/599     4.55G   0.01756   0.03882  0.003032   0.05941       292       640    0.7807    0.9355    0.9624    0.8397         0    0.1419         0
   378/599     4.55G   0.01886   0.04115  0.003846   0.06385       258       640    0.7803    0.9403    0.9698    0.8821         0    0.1428         0
   379/599     4.55G   0.01276   0.03136  0.002771   0.04689       201       640    0.7801    0.9658    0.9759     0.904         0    0.1444         0
   380/599     4.55G   0.01215   0.03624  0.003092   0.05147       191       640    0.7757    0.9844    0.9764    0.8873         0    0.1526         0
   381/599     4.55G   0.01799   0.04281  0.002929   0.06373       211       640    0.7668    0.9872    0.9748     0.839         0    0.1557         0
   382/599     4.55G   0.01937    0.0414  0.002236   0.06301       202       640     0.769    0.9876    0.9737    0.8699         0    0.1536         0
   383/599     4.55G   0.01459   0.03733  0.003144   0.05507       231       640    0.7735    0.9789    0.9728     0.889         0    0.1529         0
   384/599     4.55G   0.01193   0.03392  0.002779   0.04863       215       640    0.7835    0.9742    0.9745    0.8893         0    0.1569         0
   385/599     4.55G   0.01869   0.04133  0.003012   0.06304       208       640    0.7813    0.9795    0.9757    0.8759         0    0.1558         0
   386/599     4.55G      0.02   0.04897   0.00325   0.07222       284       640    0.7851    0.9681    0.9739    0.8866         0    0.1539         0
   387/599     4.55G   0.01307    0.0304  0.002591   0.04606       174       640    0.7767    0.9656    0.9706    0.8755         0    0.1524         0
   388/599     4.55G   0.01203   0.03399  0.002622   0.04864       220       640    0.7577     0.961    0.9654    0.8574         0    0.1534         0
   389/599     4.55G   0.02074   0.04152  0.003128   0.06539       221       640    0.7757    0.9538    0.9688    0.8717         0    0.1548         0
   390/599     4.55G   0.01951   0.04143  0.002872   0.06382       241       640    0.7714    0.9548    0.9674    0.8813         0    0.1513         0
   391/599     4.55G   0.01407   0.03837  0.003011   0.05545       258       640    0.7735    0.9599      0.97    0.8931         0    0.1504         0
   392/599     4.55G   0.01303   0.03333  0.002929   0.04929       193       640    0.7577    0.9642    0.9727     0.872         0    0.1512         0
   393/599     4.55G   0.01809   0.03678  0.002717   0.05758       150       640    0.7671    0.9602    0.9696     0.785         0    0.1492         0
   394/599     4.55G   0.01881   0.04142   0.00306   0.06329       219       640    0.7685    0.9663    0.9744    0.8564         0    0.1457         0
   395/599     4.55G   0.01411   0.03941  0.002935   0.05645       261       640    0.7589    0.9664    0.9764     0.895         0     0.145         0
   396/599     4.55G   0.01145   0.03187  0.002444   0.04576       159       640    0.7597     0.973    0.9788    0.8863         0    0.1491         0
   397/599     4.55G   0.01872   0.04345  0.002638    0.0648       254       640    0.7641    0.9826    0.9801    0.8525         0    0.1503         0
   398/599     4.55G   0.02001   0.03995  0.002818   0.06278       194       640    0.7547    0.9809    0.9798    0.8882         0    0.1465         0
   399/599     4.55G   0.01507   0.03536  0.003202   0.05363       225       640    0.7545    0.9834    0.9796    0.9154         0    0.1449         0
   400/599     4.55G   0.01323   0.03783  0.003089   0.05416       259       640    0.7465    0.9832    0.9773    0.9163         0    0.1467         0
   401/599     4.55G   0.01715   0.03852  0.002512   0.05819       214       640    0.7699    0.9761    0.9786    0.8894         0      0.15         0
   402/599     4.55G   0.01937   0.04158  0.002506   0.06346       223       640    0.7734    0.9708    0.9776    0.9126         0    0.1481         0
   403/599     4.55G   0.01434   0.03997  0.002723   0.05704       248       640    0.7569    0.9644     0.977    0.9163         0    0.1482         0
   404/599     4.55G   0.01127   0.02725  0.002617   0.04113       137       640    0.7548    0.9577    0.9747    0.8949         0    0.1511         0
   405/599     4.55G   0.01935   0.03876  0.002672   0.06078       192       640    0.7664    0.9608    0.9771    0.8927         0    0.1502         0
   406/599     4.55G   0.01886   0.03667  0.002933   0.05847       170       640    0.7862    0.9588    0.9792    0.9092         0    0.1483         0
   407/599     4.55G   0.01398   0.03186  0.002904   0.04875       237       640    0.7957    0.9628    0.9802    0.9179         0    0.1475         0
   408/599     4.55G   0.01328    0.0354  0.002735   0.05142       170       640    0.7926    0.9702    0.9788    0.8971         0    0.1496         0
   409/599     4.55G   0.01749   0.03743  0.002372   0.05729       231       640    0.8133    0.9738    0.9789    0.8833         0    0.1501         0
   410/599     4.55G   0.01739   0.04511  0.002549   0.06506       232       640    0.8072     0.969    0.9788    0.8999         0     0.149         0
   411/599     4.55G   0.01321   0.03623  0.002819   0.05226       221       640    0.8155    0.9728     0.978    0.9051         0    0.1483         0
   412/599     4.55G   0.01412   0.03768  0.002735   0.05454       255       640    0.8187    0.9725    0.9756    0.9017         0    0.1506         0
   413/599     4.55G   0.01582   0.03478  0.002431   0.05303       183       640    0.8136    0.9709    0.9754    0.8455         0    0.1529         0
   414/599     4.55G   0.01585   0.03393  0.002684   0.05247       209       640    0.8134    0.9651    0.9743     0.887         0    0.1525         0
   415/599     4.55G   0.01194   0.02906  0.002607   0.04361       172       640    0.8024    0.9737     0.974    0.8956         0    0.1531         0
   416/599     4.55G   0.01175   0.03301  0.002848   0.04761       217       640    0.7943    0.9774    0.9714    0.8902         0    0.1583         0
   417/599     4.55G   0.01546   0.03731  0.002612   0.05538       243       640    0.7922    0.9698    0.9658    0.8417         0    0.1593         0
   418/599     4.55G   0.01738   0.03955  0.002518   0.05945       204       640    0.7818    0.9655     0.964    0.8807         0    0.1576         0
   419/599     4.55G   0.01252   0.02879  0.002766   0.04408       139       640    0.7793    0.9684    0.9631    0.8971         0    0.1575         0
   420/599     4.55G   0.01215   0.03201  0.002865   0.04702       198       640    0.7803    0.9827    0.9674    0.9031         0    0.1607         0
   421/599     4.55G   0.01481   0.03495  0.002386   0.05214       197       640    0.7753    0.9804    0.9688    0.8897         0    0.1628         0
   422/599     4.55G   0.01622   0.04119  0.002719   0.06013       218       640     0.773    0.9844    0.9717    0.9078         0    0.1621         0
   423/599     4.55G   0.01316   0.03345  0.002432   0.04904       166       640    0.7745    0.9826     0.976    0.9103         0    0.1626         0
   424/599     4.55G   0.01084    0.0287   0.00246     0.042       157       640    0.7872    0.9854    0.9791    0.9019         0    0.1666         0
   425/599     4.55G   0.01722   0.04368  0.002494   0.06339       210       640    0.7857    0.9804    0.9806    0.8814         0    0.1666         0
   426/599     4.55G   0.01812   0.03833   0.00239   0.05884       159       640    0.7867    0.9804     0.984    0.8823         0    0.1651         0
   427/599     4.55G   0.01388   0.03443  0.002492    0.0508       195       640    0.7964    0.9811    0.9855    0.9074         0    0.1628         0
   428/599     4.55G   0.01109   0.02872  0.002753   0.04256       136       640    0.7866    0.9862    0.9861    0.9225         0    0.1617         0
   429/599     4.55G    0.0155   0.04055  0.002606   0.05865       248       640     0.777    0.9872    0.9863    0.8992         0    0.1617         0
   430/599     4.55G   0.01635   0.03892  0.002669   0.05794       222       640     0.776    0.9862    0.9847     0.906         0     0.159         0
   431/599     4.55G   0.01317   0.03677   0.00288   0.05282       263       640    0.7622    0.9862    0.9828    0.9085         0    0.1579         0
   432/599     4.55G   0.01215   0.02984  0.002749   0.04473       128       640    0.7494    0.9886    0.9764    0.9164         0    0.1599         0
   433/599     4.55G   0.01567   0.03849  0.002651   0.05681       250       640    0.7527    0.9854    0.9738    0.8728         0    0.1609         0
   434/599     4.55G    0.0177   0.04105  0.002376   0.06113       168       640    0.7607      0.98     0.964     0.887         0    0.1591         0
   435/599     4.55G    0.0124   0.03405  0.002536   0.04898       210       640    0.7659    0.9745    0.9607    0.8964         0    0.1589         0
   436/599     4.55G   0.01076   0.03045  0.002376   0.04358       247       640    0.7869    0.9767    0.9559    0.8669         0    0.1603         0
   437/599     4.55G   0.01782   0.04447  0.003069   0.06536       284       640    0.7982    0.9866    0.9699    0.8561         0     0.161         0
   438/599     4.55G   0.01911   0.04597  0.002667   0.06775       222       640    0.7967    0.9942    0.9729    0.8776         0    0.1555         0
   439/599     4.55G   0.01324   0.03276  0.002262   0.04826       268       640     0.802    0.9942    0.9783    0.9069         0    0.1523         0
   440/599     4.55G   0.01141   0.03409  0.002735   0.04823       217       640    0.7967    0.9942    0.9818    0.9184         0    0.1519         0
   441/599     4.55G   0.01445   0.03846   0.00236   0.05527       218       640    0.8026    0.9942    0.9842    0.9002         0    0.1531         0
   442/599     4.55G   0.01426   0.03243  0.002633   0.04933       148       640    0.7973    0.9888    0.9841    0.9098         0    0.1528         0
   443/599     4.55G    0.0113   0.02956  0.002408   0.04326       262       640    0.7938    0.9884    0.9836    0.9068         0    0.1539         0
   444/599     4.55G   0.01067   0.02825  0.002224   0.04114       201       640    0.8073    0.9867    0.9844     0.892         0    0.1559         0
   445/599     4.55G   0.01678   0.04099   0.00234   0.06011       239       640    0.8165    0.9862    0.9843    0.8644         0    0.1575         0
   446/599     4.55G   0.01808    0.0371  0.002126   0.05731       180       640    0.8103    0.9862     0.984    0.9038         0    0.1551         0
   447/599     4.55G   0.01334   0.03807  0.002507   0.05391       282       640    0.8009     0.988    0.9841    0.9134         0    0.1547         0
   448/599     4.55G    0.0121   0.03165  0.002353    0.0461       183       640    0.7913    0.9832    0.9826    0.8951         0    0.1571         0
   449/599     4.55G   0.01549   0.03654  0.002623   0.05465       261       640    0.7879    0.9818     0.983    0.8844         0    0.1585         0
   450/599     4.55G   0.01633   0.03531  0.002228   0.05387       213       640    0.7793    0.9752    0.9822    0.9103         0    0.1583         0
   451/599     4.55G   0.01184   0.03516  0.002626   0.04962       280       640    0.7771     0.973    0.9806    0.9122         0    0.1587         0
   452/599     4.55G   0.01077   0.02819  0.002393   0.04136       195       640     0.776    0.9657    0.9805    0.9097         0    0.1623         0
   453/599     4.55G   0.01274    0.0328  0.002192   0.04773       174       640    0.7817    0.9645    0.9803    0.9074         0    0.1632         0
   454/599     4.55G   0.01652    0.0408    0.0028   0.06012       288       640    0.7761     0.958    0.9792    0.9123         0    0.1646         0
   455/599     4.55G   0.01178   0.03497  0.002194   0.04895       311       640    0.7759    0.9544    0.9774    0.9101         0    0.1657         0
   456/599     4.55G    0.0125    0.0361  0.002522   0.05112       279       640    0.7721    0.9484    0.9748    0.9094         0    0.1681         0
   457/599     4.55G   0.01445   0.03433  0.003071   0.05185       186       640    0.7748    0.9454    0.9762    0.8676         0     0.168         0
   458/599     4.55G   0.01635   0.03543  0.002136   0.05391       228       640    0.7822    0.9422    0.9763    0.8916         0    0.1668         0
   459/599     4.55G   0.01331   0.03455  0.002671   0.05053       179       640    0.7794    0.9489    0.9769    0.8748         0    0.1657         0
   460/599     4.55G   0.01157   0.02879  0.002877   0.04324       132       640    0.7777    0.9664    0.9787    0.9098         0    0.1667         0
   461/599     4.55G   0.01435    0.0324  0.002182   0.04893       159       640    0.7821    0.9705    0.9805    0.8717         0    0.1674         0
   462/599     4.55G   0.01782   0.03846  0.002359   0.05864       249       640    0.7895    0.9804    0.9803    0.9109         0    0.1648         0
   463/599     4.55G    0.0129   0.03297  0.002321   0.04819       156       640    0.7945    0.9818    0.9789    0.9132         0    0.1633         0
   464/599     4.55G     0.011   0.02786   0.00304    0.0419       268       640    0.8003    0.9837    0.9778    0.9207         0    0.1634         0
   465/599     4.55G   0.01212    0.0302  0.001985    0.0443       155       640    0.8097    0.9846    0.9774    0.9061         0    0.1655         0
   466/599     4.55G    0.0152    0.0354  0.002341   0.05294       222       640    0.8161    0.9843    0.9767    0.9171         0    0.1662         0
   467/599     4.55G   0.01065   0.02749  0.002239   0.04038       201       640    0.8151    0.9796    0.9751    0.9226         0    0.1668         0
   468/599     4.55G    0.0124   0.03615  0.002846    0.0514       311       640    0.8197    0.9797    0.9744     0.919         0    0.1692         0
   469/599     4.55G   0.01406   0.04066  0.002578    0.0573       384       640    0.8214    0.9808    0.9749    0.8913         0      0.17         0
   470/599     4.55G   0.01393   0.03214  0.002249   0.04832       161       640    0.8123    0.9816    0.9755    0.9076         0     0.169         0
   471/599     4.55G   0.01139   0.03351  0.002219   0.04711       224       640    0.8116     0.987    0.9757    0.9121         0    0.1686         0
   472/599     4.55G  0.009521   0.02893  0.001836   0.04028       182       640    0.8131    0.9889    0.9757    0.9091         0    0.1698         0
   473/599     4.55G   0.01403    0.0335  0.002352   0.04988       178       640    0.8026    0.9942    0.9742    0.8951         0    0.1701         0
   474/599     4.55G   0.01484   0.03372  0.001904   0.05046       152       640    0.8004     0.992    0.9735     0.905         0    0.1687         0
   475/599     4.55G   0.01101   0.02966  0.001944   0.04261       208       640    0.7932     0.992    0.9733    0.9029         0    0.1681         0
   476/599     4.55G   0.01113   0.03027  0.002243   0.04365       207       640    0.7735    0.9898    0.9712    0.9074         0     0.169         0
   477/599     4.55G   0.01335    0.0314  0.002479   0.04723       192       640    0.7794    0.9898    0.9734    0.9055         0    0.1704         0
   478/599     4.55G    0.0128   0.03224  0.001768   0.04681       178       640    0.7857     0.989    0.9764    0.9125         0    0.1695         0
   479/599     4.55G   0.01116   0.02944  0.002903    0.0435       149       640    0.7854    0.9862    0.9793    0.9174         0    0.1697         0
   480/599     4.55G   0.01047   0.02949  0.002232    0.0422       263       640    0.7896    0.9862    0.9832    0.8921         0    0.1707         0
   481/599     4.55G   0.01591   0.03408  0.002406   0.05239       199       640    0.7891    0.9862    0.9843    0.8378         0    0.1705         0
   482/599     4.55G    0.0184    0.0354  0.002556   0.05636        96       640    0.7911     0.984    0.9838    0.8684         0    0.1664         0
   483/599     4.55G   0.01185   0.03066  0.002152   0.04466       195       640    0.7944    0.9831    0.9835    0.9116         0    0.1643         0
   484/599     4.55G   0.01178   0.03344  0.002333   0.04756       223       640    0.7992    0.9784    0.9835    0.9159         0    0.1635         0
   485/599     4.55G   0.01372   0.03044  0.001948   0.04611       182       640    0.7968    0.9818    0.9832    0.8779         0    0.1638         0
   486/599     4.55G   0.01476   0.03431  0.001956   0.05102       298       640    0.7959     0.984    0.9824    0.9019         0    0.1621         0
   487/599     4.55G   0.01227   0.03277  0.002976   0.04801       182       640    0.7962     0.983    0.9815    0.9225         0    0.1619         0
   488/599     4.55G   0.01159   0.03322  0.002202   0.04701       273       640    0.7879    0.9796    0.9785    0.9204         0    0.1625         0
   489/599     4.55G   0.01572   0.03629  0.002405   0.05442       163       640    0.7891    0.9769     0.978    0.9194         0     0.163         0
   490/599     4.55G   0.01397   0.03686  0.002087   0.05292       255       640    0.7937    0.9735    0.9774    0.9247         0    0.1632         0
   491/599     4.55G   0.01147   0.03339  0.002435   0.04729       224       640    0.7957    0.9724    0.9773    0.9242         0    0.1636         0
   492/599     4.55G  0.009064   0.02876  0.002095   0.03992       211       640    0.7937    0.9716    0.9746    0.9144         0    0.1657         0
   493/599     4.55G    0.0116   0.02865  0.002337   0.04259       179       640    0.7932    0.9649    0.9745    0.9184         0     0.168         0
   494/599     4.55G   0.01369   0.03322  0.002164   0.04907       210       640    0.7974    0.9695     0.976    0.9234         0    0.1687         0
   495/599     4.55G   0.01012   0.02752  0.001992   0.03962       177       640    0.7927    0.9672    0.9758    0.9247         0    0.1699         0
   496/599     4.55G   0.01052    0.0287  0.002172   0.04139       239       640    0.8005    0.9725    0.9782    0.9133         0    0.1725         0
   497/599     4.55G   0.01308    0.0357  0.002125    0.0509       190       640    0.7869    0.9738    0.9751    0.8978         0    0.1734         0
   498/599     4.55G   0.01279   0.03457  0.001937   0.04929       212       640    0.7893    0.9738     0.974    0.9068         0    0.1731         0
   499/599     4.55G    0.0121   0.03467  0.002209   0.04897       254       640    0.7811     0.978    0.9706    0.9093         0    0.1731         0
   500/599     4.55G   0.01005   0.02831  0.002217   0.04058       246       640    0.7735     0.984    0.9668    0.9062         0    0.1746         0
   501/599     4.55G   0.01311   0.03745  0.001867   0.05243       205       640    0.7721    0.9818    0.9628    0.8709         0    0.1753         0
   502/599     4.55G   0.01565   0.03801  0.002452   0.05612       186       640    0.7743    0.9818    0.9631    0.8989         0    0.1731         0
   503/599     4.55G   0.01077   0.03137  0.001906   0.04404       183       640      0.77    0.9818    0.9631    0.8989         0     0.172         0
   504/599     4.55G  0.008999   0.02661  0.001875   0.03749       186       640    0.7687    0.9818    0.9636    0.9029         0    0.1719         0
   505/599     4.55G   0.01304   0.03608  0.002186    0.0513       243       640    0.7705    0.9818    0.9694    0.8906         0    0.1723         0
   506/599     4.55G   0.01266   0.03033  0.002056   0.04505       198       640    0.7835     0.976    0.9714    0.9048         0    0.1715         0
   507/599     4.55G   0.01123   0.03005  0.002368   0.04365       249       640    0.7864    0.9735    0.9729     0.909         0    0.1711         0
   508/599     4.55G   0.01024   0.02874  0.002407   0.04138       212       640    0.7892    0.9774     0.976    0.9154         0     0.172         0
   509/599     4.55G   0.01153   0.03243  0.001959   0.04592       202       640    0.7844    0.9774     0.974    0.9142         0    0.1734         0
   510/599     4.55G    0.0126   0.03131  0.001938   0.04585       245       640    0.7819    0.9774     0.975    0.9124         0    0.1741         0
   511/599     4.55G  0.009547   0.02757  0.001906   0.03903       205       640      0.79    0.9774    0.9747    0.9137         0     0.175         0
   512/599     4.55G  0.009903   0.03017  0.002166   0.04224       187       640    0.8104    0.9846    0.9766    0.9094         0    0.1766         0
   513/599     4.55G   0.01272   0.03351  0.002398   0.04863       173       640    0.8031     0.984    0.9738    0.9042         0    0.1769         0
   514/599     4.55G   0.01175   0.02653    0.0016   0.03988       181       640    0.8049    0.9801    0.9724    0.8942         0    0.1773         0
   515/599     4.55G   0.01098   0.03029  0.002092   0.04336       264       640    0.8017    0.9804    0.9697    0.9035         0    0.1772         0
   516/599     4.55G   0.01024   0.02913  0.002277   0.04165       212       640    0.8001    0.9565    0.9651    0.9097         0     0.179         0
   517/599     4.55G   0.01116   0.03023  0.002443   0.04384       212       640    0.7952    0.9408    0.9621    0.9027         0    0.1806         0
   518/599     4.55G    0.0122   0.03421  0.001957   0.04836       215       640    0.7959    0.9501    0.9614    0.8933         0    0.1817         0
   519/599     4.55G   0.01149   0.03199  0.002275   0.04575       230       640    0.7904    0.9498    0.9633    0.9036         0    0.1823         0
   520/599     4.55G   0.01039   0.02895  0.002386   0.04172       210       640     0.802    0.9605    0.9652    0.8998         0    0.1833         0
   521/599     4.55G   0.01257    0.0331   0.00233     0.048       244       640    0.7943    0.9336     0.966    0.9048         0    0.1839         0
   522/599     4.55G   0.01279   0.03248  0.002195   0.04746       223       640    0.7864    0.9237    0.9665    0.9015         0    0.1834         0
   523/599     4.55G    0.0101   0.03068  0.001654   0.04243       287       640    0.7945    0.9278    0.9673    0.9111         0    0.1831         0
   524/599     4.55G  0.009109   0.02494  0.001921   0.03597       141       640    0.8077    0.9272    0.9691    0.9072         0    0.1832         0
   525/599     4.55G   0.01214   0.03262  0.001778   0.04653       184       640    0.7992    0.9237    0.9673    0.8984         0    0.1832         0
   526/599     4.55G    0.0142    0.0337  0.002357   0.05026       131       640    0.7974     0.923    0.9693     0.907         0    0.1823         0
   527/599     4.55G   0.01097   0.03216  0.002534   0.04566       235       640    0.7983    0.9227    0.9702    0.9126         0    0.1813         0
   528/599     4.55G   0.01034   0.02863  0.002554   0.04153       248       640    0.7914    0.9218    0.9707    0.9134         0    0.1806         0
   529/599     4.55G   0.01056   0.02863  0.001752   0.04094       175       640    0.7879    0.9203    0.9717    0.9067         0      0.18         0
   530/599     4.55G   0.01241   0.03171  0.002289   0.04641       202       640    0.7801    0.9227    0.9697     0.916         0    0.1793         0
   531/599     4.55G   0.01037   0.02971  0.002043   0.04212       207       640    0.7774    0.9363    0.9711    0.9159         0     0.179         0
   532/599     4.55G   0.01003    0.0291  0.002036   0.04116       216       640    0.7715     0.942    0.9739    0.9154         0    0.1791         0
   533/599     4.55G   0.01232   0.02952  0.001882   0.04373       157       640    0.7762    0.9526    0.9759     0.901         0    0.1789         0
   534/599     4.55G   0.01352   0.03156  0.002014   0.04709       198       640    0.7794    0.9548    0.9769    0.9059         0     0.178         0
   535/599     4.55G   0.01047   0.03007  0.001802   0.04234       233       640    0.7842    0.9608    0.9773     0.921         0    0.1767         0
   536/599     4.55G  0.009883   0.02765  0.001993   0.03953       189       640    0.7912    0.9654    0.9786    0.9226         0    0.1754         0
   537/599     4.55G   0.01199   0.03091  0.002262   0.04516       217       640    0.7881    0.9706    0.9765    0.9183         0    0.1762         0
   538/599     4.55G   0.01358   0.03353  0.002369   0.04948       236       640    0.7816    0.9694    0.9746     0.916         0    0.1761         0
   539/599     4.55G  0.009837   0.02819  0.001833   0.03986       206       640    0.7794     0.981     0.972    0.9212         0    0.1759         0
   540/599     4.55G  0.009931    0.0267  0.001764   0.03839       182       640     0.779    0.9801    0.9686    0.9127         0    0.1769         0
   541/599     4.55G   0.01191   0.03153  0.002038   0.04548       213       640    0.7819    0.9788    0.9674    0.9009         0    0.1775         0
   542/599     4.55G   0.01397   0.03454  0.002556   0.05107       224       640    0.7833    0.9788    0.9682    0.9056         0    0.1768         0
   543/599     4.55G   0.01037   0.02918  0.001928   0.04148       230       640    0.7838    0.9788    0.9693    0.9118         0    0.1764         0
   544/599     4.55G  0.009851   0.02814  0.002053   0.04004       229       640    0.7886    0.9788    0.9706    0.8906         0    0.1771         0
   545/599     4.55G   0.01477   0.03586  0.002385   0.05301       278       640    0.7967    0.9777    0.9716    0.9103         0    0.1769         0
   546/599     4.55G   0.01392    0.0353  0.002213   0.05143       253       640    0.7931    0.9725    0.9712    0.9021         0    0.1769         0
   547/599     4.55G   0.01139   0.03203  0.002239   0.04566       290       640    0.7888    0.9685    0.9713    0.9042         0    0.1767         0
   548/599     4.55G  0.009317   0.02787  0.001562   0.03874       178       640    0.7875    0.9625    0.9734      0.92         0    0.1767         0
   549/599     4.55G   0.01039   0.02499  0.001874   0.03726       181       640    0.7863    0.9603    0.9734    0.9116         0     0.178         0
   550/599     4.55G    0.0123   0.03147  0.002308   0.04608       168       640    0.7855    0.9599    0.9732    0.9162         0    0.1784         0
   551/599     4.55G   0.01074   0.02989   0.00282   0.04345       257       640    0.7871    0.9599    0.9757    0.9185         0    0.1794         0
   552/599     4.55G   0.01077   0.03108  0.002439   0.04428       190       640    0.7981    0.9686    0.9749    0.9094         0    0.1816         0
   553/599     4.55G   0.01239   0.03563  0.001913   0.04994       236       640    0.7985    0.9686    0.9748    0.9073         0     0.182         0
   554/599     4.55G   0.01409   0.03661  0.002237   0.05294       273       640    0.8117    0.9686    0.9751    0.9184         0    0.1812         0
   555/599     4.55G   0.01148   0.03171  0.002071   0.04526       181       640    0.8104    0.9695    0.9753    0.9269         0    0.1804         0
   556/599     4.55G   0.01009   0.02907  0.002214   0.04137       188       640    0.8096    0.9539    0.9752    0.9195         0    0.1806         0
   557/599     4.55G   0.01136   0.03125  0.001802   0.04442       223       640    0.8057    0.9526    0.9753    0.9098         0    0.1805         0
   558/599     4.55G   0.01262   0.02968   0.00173   0.04403       193       640    0.8069     0.952    0.9746    0.9077         0    0.1802         0
   559/599     4.55G   0.01017   0.03299  0.001974   0.04513       281       640    0.8007    0.9579    0.9741    0.9136         0    0.1798         0
   560/599     4.55G   0.01058   0.03076  0.001973   0.04331       244       640    0.8049    0.9651    0.9716    0.9111         0    0.1795         0
   561/599     4.55G    0.0127    0.0333  0.001869   0.04787       220       640    0.8037    0.9636     0.971    0.8663         0     0.179         0
   562/599     4.55G   0.01644    0.0396  0.002351   0.05839       270       640    0.8044    0.9638    0.9713    0.8911         0    0.1757         0
   563/599     4.55G    0.0115   0.03232  0.002299   0.04612       201       640    0.8085    0.9626    0.9714    0.9113         0    0.1739         0
   564/599     4.55G   0.01072   0.02697  0.001842   0.03954       212       640    0.8094    0.9724    0.9712    0.9102         0    0.1723         0
   565/599     4.55G    0.0117   0.02807  0.002063   0.04183       175       640    0.8016      0.96    0.9705    0.9074         0    0.1729         0
   566/599     4.55G   0.01078   0.02713  0.001711   0.03963       212       640    0.8064    0.9636    0.9703    0.9006         0    0.1733         0
   567/599     4.55G   0.01049   0.03072  0.002081    0.0433       151       640    0.7978    0.9614    0.9702    0.9027         0    0.1738         0
   568/599     4.55G   0.01037   0.02892  0.002273   0.04156       215       640    0.7982     0.965    0.9681    0.9121         0     0.175         0
   569/599     4.55G   0.01214      0.03  0.002382   0.04452       235       640    0.7903     0.965    0.9676    0.9145         0    0.1761         0
   570/599     4.55G   0.01077   0.02573  0.001622   0.03812       171       640    0.7892    0.9672    0.9673    0.9176         0    0.1766         0
   571/599     4.55G   0.01073   0.03006  0.002146   0.04293       236       640    0.7918    0.9672    0.9654    0.9145         0    0.1771         0
   572/599     4.55G   0.01011    0.0292   0.00242   0.04174       173       640    0.8019     0.984    0.9662    0.9105         0    0.1784         0
   573/599     4.55G   0.01128   0.03189  0.001725    0.0449       211       640    0.7972     0.984     0.965    0.9046         0    0.1788         0
   574/599     4.55G   0.01239   0.03236  0.001876   0.04663       231       640    0.7972    0.9807    0.9647    0.9076         0    0.1787         0
   575/599     4.55G  0.009622   0.02538  0.002048   0.03705       197       640    0.7975    0.9785    0.9636    0.9072         0    0.1791         0
   576/599     4.55G   0.01025   0.02546  0.002138   0.03784       197       640    0.7989    0.9832    0.9644    0.9091         0    0.1803         0
   577/599     4.55G   0.01109   0.03069  0.001956   0.04373       209       640    0.8032    0.9817    0.9661    0.9018         0    0.1815         0
   578/599     4.55G   0.01081   0.02756  0.001995   0.04036       230       640    0.8146    0.9811    0.9669    0.9041         0    0.1818         0
   579/599     4.55G   0.01056   0.02906  0.001936   0.04155       235       640    0.8181    0.9838    0.9678    0.9078         0    0.1818         0
   580/599     4.55G  0.009747   0.03016  0.001604   0.04152       275       640    0.8297     0.976    0.9709    0.9166         0    0.1835         0
   581/599     4.55G   0.01006   0.02782  0.002005   0.03989       191       640     0.831    0.9829    0.9729    0.9188         0    0.1844         0
   582/599     4.55G    0.0113   0.03105  0.001845   0.04419       211       640    0.8232      0.99    0.9741    0.9146         0    0.1852         0
   583/599     4.55G  0.009801   0.02589  0.002348   0.03803       147       640    0.8183    0.9942    0.9747    0.9141         0    0.1855         0
   584/599     4.55G    0.0102   0.02828  0.002249   0.04073       173       640    0.8065     0.992    0.9752    0.9229         0    0.1864         0
   585/599     4.55G   0.01153   0.03096   0.00166   0.04416       197       640    0.8067     0.992    0.9753    0.9211         0    0.1861         0
   586/599     4.55G   0.01191   0.03168  0.001543   0.04514       268       640    0.7973     0.992     0.975    0.9146         0    0.1853         0
   587/599     4.55G   0.01035   0.02725  0.002172   0.03978       210       640    0.7803    0.9898    0.9725    0.9118         0     0.185         0
   588/599     4.55G   0.01007   0.02734  0.001916   0.03932       185       640    0.7652    0.9909    0.9726    0.9061         0    0.1849         0
   589/599     4.55G   0.01321   0.03312  0.001925   0.04825       235       640    0.7649    0.9833    0.9732    0.9057         0    0.1848         0
   590/599     4.55G    0.0135   0.03279    0.0022   0.04849       200       640    0.7607    0.9772    0.9725    0.9162         0    0.1828         0
   591/599     4.55G   0.01112   0.02976  0.001992   0.04287       202       640    0.7472    0.9723     0.971    0.9101         0    0.1819         0
   592/599     4.55G  0.009588   0.02666  0.001571   0.03782       165       640    0.7321    0.9618    0.9671    0.9073         0    0.1811         0
   593/599     4.55G   0.01192   0.03216  0.002189   0.04627       175       640    0.7282    0.9629    0.9655    0.9029         0    0.1808         0
   594/599     4.55G   0.01303   0.03363  0.002269   0.04893       174       640     0.728    0.9599    0.9626    0.9029         0    0.1803         0
   595/599     4.55G  0.009223   0.02504  0.001959   0.03622       170       640    0.7317    0.9582    0.9597    0.9061         0      0.18         0
   596/599     4.55G  0.009172   0.02815  0.001727   0.03905       202       640    0.7331    0.9538    0.9581    0.9039         0    0.1798         0
   597/599     4.55G   0.01138   0.03303  0.001903   0.04632       227       640    0.7262    0.9507    0.9579    0.8953         0     0.181         0
   598/599     4.55G   0.01105   0.02609  0.002326   0.03946       176       640    0.7309     0.956    0.9619     0.902         0    0.1813         0
   599/599     4.55G   0.01089   0.02964  0.002272   0.04281       165       640    0.7535    0.9599     0.966    0.9125         0    0.1819         0
