     0/499     4.51G      0.12    0.1052    0.0571    0.2823        78       640         0         0         0         0    0.1262   0.06583   0.05575
     1/499     4.53G     0.117    0.1125   0.05601    0.2855        81       640         0         0  0.003247 0.0005291    0.1203   0.07021   0.05412
     2/499     4.53G    0.1131    0.1117   0.05514      0.28        79       640         0         0  0.005571 0.0007749    0.1106    0.0785    0.0523
     3/499     4.53G    0.1078    0.1211   0.05347    0.2824        55       640         0         0   0.01641  0.003804   0.09957   0.08635    0.0508
     4/499     4.53G    0.1026    0.1276   0.05267    0.2829        91       640         0         0   0.05145    0.0105   0.09148   0.08891    0.0495
     5/499     4.53G   0.09999    0.1317   0.05155    0.2832       115       640    0.1132   0.03431    0.1009   0.02543   0.08634   0.08594   0.04812
     6/499     4.53G   0.09506    0.1255   0.05068    0.2712        85       640    0.1015     0.201    0.1467   0.03745    0.0812   0.08095   0.04677
     7/499     4.53G   0.09292    0.1162   0.04982    0.2589        96       640   0.08023    0.4612    0.1598    0.0507   0.07608   0.07789    0.0446
     8/499     4.53G   0.08844    0.1184   0.04926    0.2561       188       640   0.06968     0.913     0.188   0.06323   0.07095   0.07493   0.04226
     9/499     4.53G   0.08154    0.1006   0.04676    0.2289        61       640   0.04706    0.9951    0.2064   0.07034   0.06517   0.07457   0.03986
    10/499     4.53G   0.07781    0.1071   0.04453    0.2294       124       640   0.04031         1     0.194   0.06437   0.06087   0.07385   0.03788
    11/499     4.53G   0.07025   0.09292   0.04356    0.2067       107       640   0.04237    0.9951    0.2238   0.07318   0.05601   0.06796   0.03641
    12/499     4.53G   0.06494   0.08258   0.04206    0.1896        68       640   0.05144         1    0.2405   0.08173   0.05248    0.0622   0.03537
    13/499     4.53G   0.06325   0.08508   0.04086    0.1892        87       640   0.05821         1    0.2946    0.1094   0.05389   0.06086   0.03491
    14/499     4.53G   0.06086   0.08098   0.04217     0.184        64       640   0.06351         1    0.3165     0.128    0.0473   0.05395    0.0351
    15/499     4.53G   0.05753   0.08128   0.04002    0.1788        46       640   0.07382         1    0.3643    0.1438   0.04572   0.05335   0.03542
    16/499     4.53G   0.05838   0.09365   0.03989    0.1919       137       640   0.07452         1    0.3483    0.1472   0.04212   0.04996   0.03569
    17/499     4.53G   0.05364   0.08247   0.03975    0.1759        86       640   0.09543         1    0.3785    0.1858   0.03851   0.04653   0.03555
    18/499     4.53G    0.0523   0.08326   0.03908    0.1746        88       640   0.08386         1    0.3885    0.2087   0.04088    0.0466   0.03507
    19/499     4.53G   0.05267   0.07605   0.03888    0.1676       122       640   0.08413         1    0.3743     0.197   0.04298   0.04549   0.03487
    20/499     4.53G   0.05125    0.0922   0.03851     0.182       179       640   0.06763         1    0.3687    0.1762   0.04926   0.04861    0.0349
    21/499     4.53G    0.0548   0.07576   0.03742     0.168        81       640    0.1048         1    0.4145    0.2376   0.03658   0.04444   0.03474
    22/499     4.53G   0.05121   0.07773   0.03774    0.1667        96       640   0.06391         1    0.3954    0.1559   0.04871   0.04603   0.03395
    23/499     4.53G   0.05256   0.07577   0.03741    0.1657       126       640   0.07022         1    0.4225    0.1317   0.05153    0.0463   0.03414
    24/499     4.53G   0.06912    0.0835   0.03669    0.1893       120       640   0.06135      0.75    0.3681    0.1047   0.05843   0.04787   0.03506
    25/499     4.53G   0.07085   0.07605   0.03629    0.1832       114       640   0.04494    0.7407     0.202   0.06663   0.08636   0.04478   0.03484
    26/499     4.53G   0.07252   0.07001    0.0364    0.1789        45       640   0.08896         1    0.4796    0.2358   0.05851   0.04155   0.03389
    27/499     4.53G   0.07171   0.07389   0.03699    0.1826        93       640     0.085         1    0.4629     0.126   0.05641   0.05026   0.03363
    28/499     4.53G   0.05948   0.06834   0.03657    0.1644        59       640   0.05731         1    0.4891     0.243   0.06091   0.04413    0.0327
    29/499     4.53G   0.06669   0.06745    0.0371    0.1712        67       640   0.05755         1    0.3349    0.1475   0.06413   0.04627   0.03191
    30/499     4.53G   0.06872   0.08012   0.03522    0.1841       122       640   0.06637         1    0.4539    0.1409   0.05788   0.04436   0.03161
    31/499     4.53G    0.0674   0.07957   0.03359    0.1806        80       640   0.07901      0.75    0.4432    0.1711   0.05275   0.04518   0.03135
    32/499     4.53G   0.05882   0.08392   0.03331     0.176       110       640    0.1145         1    0.5082    0.2069   0.03793   0.04087   0.03104
    33/499     4.53G   0.05959   0.07702   0.03284    0.1695       127       640   0.07787         1    0.4591    0.1948   0.05354   0.04438   0.02985
    34/499     4.53G   0.06055   0.07478   0.03207    0.1674       103       640   0.08196         1    0.4465    0.1856   0.04849   0.04381   0.02882
    35/499     4.53G   0.05918   0.06903   0.03229    0.1605        53       640   0.08845         1    0.3873    0.1457   0.05037   0.04276   0.02803
    36/499     4.53G   0.06756   0.06734   0.03136    0.1663        95       640    0.1616      0.75    0.5403    0.2736    0.0389   0.04309   0.02749
    37/499     4.53G   0.05758    0.0751   0.03082    0.1635       109       640   0.08738         1    0.4041    0.1705   0.04877   0.04447   0.02652
    38/499     4.53G   0.05493    0.0672   0.03135    0.1535        82       640    0.2023         1    0.5467    0.3311   0.03197   0.04036   0.02613
    39/499     4.53G   0.05469   0.06801   0.02983    0.1525        86       640    0.0831         1    0.4651    0.1798   0.06137   0.04367   0.02586
    40/499     4.53G   0.06343   0.07519   0.02966    0.1683        99       640    0.1339         1    0.5523    0.3116   0.04269   0.04227   0.02563
    41/499     4.53G    0.0542   0.06692   0.02888      0.15        82       640    0.1333         1    0.4933    0.2318   0.04726   0.04092   0.02478
    42/499     4.53G   0.05524   0.07615   0.02794    0.1593       126       640    0.1284         1    0.5069    0.1644   0.04572   0.04119   0.02462
    43/499     4.53G   0.05582   0.07423   0.02961    0.1597        72       640    0.1164         1     0.348    0.1536   0.05474   0.04389   0.02506
    44/499     4.53G   0.05562   0.07985   0.02788    0.1634       125       640    0.1667         1    0.5477    0.2886   0.03286   0.03821   0.02516
    45/499     4.53G   0.05038   0.06478    0.0273    0.1425        67       640   0.09806         1    0.5259    0.1648   0.05672   0.04295   0.02413
    46/499     4.53G   0.05419   0.06741   0.02933    0.1509       102       640    0.2004         1    0.6324    0.2605   0.03953   0.03963   0.02444
    47/499     4.53G   0.05159   0.07118   0.02861    0.1514        90       640    0.1457         1    0.7121    0.3205   0.04515   0.04012   0.02422
    48/499     4.53G   0.05491   0.06746   0.02799    0.1504        94       640    0.1828         1    0.7693    0.4621   0.03471   0.03706   0.02426
    49/499     4.53G    0.0507   0.07478   0.02667    0.1522       117       640    0.1508         1    0.7287    0.4769   0.04797   0.04263     0.024
    50/499     4.53G    0.0499   0.06612   0.02813    0.1441        85       640    0.2547         1    0.6561    0.4056   0.03136   0.03745   0.02394
    51/499     4.53G   0.05417   0.07221   0.02741    0.1538        92       640    0.1584         1      0.61    0.3097   0.04434   0.03968    0.0248
    52/499     4.53G    0.0481   0.06694   0.02754    0.1426        58       640    0.1761         1    0.6509    0.3464   0.03915    0.0379   0.02483
    53/499     4.53G   0.05153   0.06984   0.02605    0.1474       133       640    0.2379         1    0.7587    0.3862   0.03897   0.03893   0.02407
    54/499     4.53G   0.04756   0.07456   0.02658    0.1487        96       640      0.18         1    0.7248     0.253   0.03655   0.03513    0.0237
    55/499     4.53G   0.05259   0.07046   0.02697      0.15        91       640    0.2248         1    0.7554    0.3635   0.03851    0.0388   0.02369
    56/499     4.53G   0.04078   0.06092   0.02535     0.127        81       640    0.2195         1     0.758    0.3712   0.03477   0.03646   0.02346
    57/499     4.53G   0.04551   0.06785   0.02472    0.1381       102       640    0.2123         1    0.6163    0.3084   0.03855   0.03811   0.02368
    58/499     4.53G   0.04091    0.0563   0.02628    0.1235        95       640    0.3271         1     0.762    0.5302   0.02463   0.03397   0.02322
    59/499     4.53G   0.04485   0.05766   0.02648     0.129        51       640    0.1783         1    0.6961     0.311   0.04078   0.03843   0.02313
    60/499     4.53G   0.04534   0.06336   0.02574    0.1344       100       640    0.3523         1    0.7803    0.5208   0.02571   0.03418   0.02323
    61/499     4.53G   0.04708   0.06784   0.02649    0.1414       138       640    0.2574         1    0.7216    0.3195   0.03511   0.03661   0.02369
    62/499     4.53G   0.04214    0.0668   0.02622    0.1352        80       640    0.2501         1    0.7947    0.4689    0.0316   0.03575   0.02364
    63/499     4.53G   0.04446   0.06552   0.02397     0.134       100       640    0.2859         1    0.7349    0.4074   0.03487   0.03635    0.0232
    64/499     4.53G    0.0451   0.06916   0.02401    0.1383       102       640    0.2275         1    0.7477     0.278   0.03242   0.03703   0.02311
    65/499     4.53G   0.04417   0.06223   0.02631    0.1327        83       640    0.3064         1    0.7416    0.5577   0.03101   0.03653   0.02244
    66/499     4.53G   0.03809   0.06539   0.02302    0.1265       131       640    0.2758         1    0.7902    0.5174   0.02976   0.03474   0.02245
    67/499     4.53G   0.04305   0.06123   0.02517    0.1294        48       640    0.2862         1    0.8079    0.5472   0.02846   0.03568   0.02323
    68/499     4.53G   0.04118   0.06463   0.02346    0.1293        59       640    0.2613         1    0.7651    0.5532   0.02638   0.03388   0.02275
    69/499     4.53G   0.04111   0.06315   0.02323    0.1275       138       640    0.2316         1     0.805    0.4994   0.03058   0.03469   0.02217
    70/499     4.53G    0.0402   0.07412   0.02327    0.1376       154       640    0.2774         1    0.7864    0.6097   0.02371   0.03255   0.02228
    71/499     4.53G    0.0405   0.07182   0.02332    0.1356       151       640    0.3002         1    0.7704    0.3655   0.03304   0.03426   0.02243
    72/499     4.53G   0.04965    0.0758   0.02289    0.1483       113       640    0.1822         1    0.7602    0.3139   0.04397   0.03771   0.02278
    73/499     4.53G   0.04724   0.07224   0.02355     0.143       130       640    0.2498         1    0.7553    0.4179   0.03207   0.04067   0.02284
    74/499     4.53G   0.04736   0.07986    0.0222    0.1494       113       640    0.1672         1    0.6553    0.1636   0.05226   0.05399   0.02206
    75/499     4.53G   0.05316   0.07917   0.02232    0.1546       113       640     0.217         1    0.7604    0.4536   0.03666   0.04094   0.02196
    76/499     4.53G   0.04969     0.071   0.02248    0.1432        97       640    0.2442         1    0.7716    0.4781   0.03165   0.03915   0.02163
    77/499     4.53G   0.04835   0.06615   0.02263    0.1371        90       640    0.2285         1    0.7638     0.459   0.04191   0.03909   0.02156
    78/499     4.53G   0.06057   0.07576   0.02199    0.1583        86       640    0.2304         1    0.7788     0.483    0.0352   0.03868   0.02179
    79/499     4.53G   0.04629   0.07731    0.0218    0.1454        48       640    0.1741         1    0.7774    0.3075   0.04247   0.04015    0.0221
    80/499     4.53G   0.04771   0.06983   0.02194    0.1395        85       640    0.2254         1    0.7388     0.436   0.04307    0.0411   0.02132
    81/499     4.53G   0.04975   0.07159   0.02144    0.1428       131       640    0.3509         1    0.7792    0.5481    0.0304   0.03825   0.02163
    82/499     4.53G   0.04285   0.06201   0.02091    0.1258        80       640    0.2658         1    0.7586    0.3955   0.04164    0.0429   0.02123
    83/499     4.53G   0.04867   0.07109   0.02033    0.1401        90       640    0.2238         1    0.7646    0.3117    0.0359   0.03879   0.02117
    84/499     4.53G   0.04439   0.06721   0.02039     0.132        64       640    0.3237         1    0.8217    0.5803   0.02519   0.03421   0.02124
    85/499     4.53G   0.04547   0.07443   0.02102    0.1409       128       640    0.2383         1    0.7914    0.2719   0.03636   0.03929   0.02167
    86/499     4.53G    0.0434    0.0706   0.02149    0.1355        86       640    0.3721         1    0.8262     0.614   0.02861   0.03953   0.02142
    87/499     4.53G   0.04547   0.07075   0.02121    0.1374       109       640    0.4039         1    0.8454    0.5191   0.03064   0.03559   0.02075
    88/499     4.53G   0.04277   0.06578   0.01947     0.128        83       640    0.3024         1    0.8529    0.3389   0.03692   0.03902    0.0205
    89/499     4.53G   0.04189   0.06614   0.01935    0.1274        99       640    0.2667         1    0.8385    0.4281   0.03681   0.03828   0.01947
    90/499     4.53G   0.04601   0.07127   0.02004    0.1373       130       640    0.3723         1    0.8804     0.593    0.0321   0.03738   0.01943
    91/499     4.53G    0.0417   0.07582   0.01924    0.1367        93       640    0.3847         1    0.9059    0.4153   0.03173   0.04339    0.0188
    92/499     4.53G   0.04477   0.07592   0.01917    0.1399        84       640    0.4056         1    0.8875    0.5117   0.03567   0.03986   0.01836
    93/499     4.53G   0.04277   0.07176    0.0186    0.1331        86       640    0.3372         1    0.9214    0.6604   0.02485   0.03462   0.02152
    94/499     4.53G   0.04394   0.07647   0.01968    0.1401        69       640    0.2649         1    0.8716    0.4809   0.03562   0.03686   0.02071
    95/499     4.53G   0.03842   0.06857   0.01829    0.1253        62       640    0.2875         1    0.9065    0.3855   0.03416   0.03759   0.01696
    96/499     4.53G   0.04129   0.06708   0.01666     0.125       126       640    0.3117         1    0.9129    0.5083    0.0328   0.03413   0.01912
    97/499     4.53G   0.03979   0.06651   0.01678    0.1231        78       640    0.3206         1    0.9567     0.644   0.03256   0.03905   0.02174
    98/499     4.53G    0.0421   0.06936   0.01728    0.1287        40       640    0.2878         1    0.9295    0.4312   0.03828   0.04227   0.01842
    99/499     4.53G   0.04358   0.07197   0.01789    0.1334        79       640    0.5644         1    0.9809    0.7035   0.02315   0.03353   0.01369
   100/499     4.53G   0.03746   0.05975   0.01653    0.1137       105       640     0.258         1    0.9318    0.5903   0.03514   0.03674   0.01354
   101/499     4.53G   0.04347   0.07151   0.01659    0.1316        78       640    0.2239         1    0.8745    0.4027   0.03389   0.03578   0.02172
   102/499     4.53G    0.0459   0.06781   0.01614    0.1298        81       640    0.3404         1    0.9334    0.6531    0.0251   0.03397   0.01099
   103/499     4.53G   0.03505   0.06526   0.01551    0.1158       122       640    0.3269         1    0.9005    0.3645   0.03407   0.03979   0.01201
   104/499     4.53G   0.03944   0.06663   0.01533    0.1214        69       640    0.3352         1    0.9017    0.5062   0.03662   0.03975    0.0114
   105/499     4.53G   0.04378   0.06597    0.0145    0.1242        87       640     0.418         1    0.9492    0.6486   0.02853   0.03398    0.0227
   106/499     4.53G   0.03755   0.07105   0.01508    0.1237       104       640    0.3256         1    0.9215    0.6228    0.0294   0.04051   0.01309
   107/499     4.53G   0.03483   0.06079   0.01501    0.1106        76       640    0.4255         1    0.9898    0.7212    0.0254   0.03515   0.00973
   108/499     4.53G   0.03461   0.06543   0.01453    0.1146        98       640    0.5561         1    0.9615    0.7116   0.02094   0.03071  0.009819
   109/499     4.53G   0.03968   0.07117   0.01223    0.1231       116       640      0.34         1    0.8875    0.3917   0.03797   0.03826   0.01004
   110/499     4.53G   0.03948   0.06408   0.01243     0.116        78       640    0.4687         1     0.984    0.7577   0.02617   0.03339   0.01111
   111/499     4.53G   0.03832   0.05813   0.01139    0.1078        64       640    0.4104         1    0.9455    0.6189   0.03329   0.03318   0.01006
   112/499     4.53G   0.04012   0.06089   0.01262    0.1136       103       640    0.5348         1    0.9911    0.7843    0.0273   0.03331   0.00786
   113/499     4.53G   0.03542    0.0693   0.01202    0.1167        74       640    0.4577         1    0.9743    0.6435   0.03133   0.04133   0.01234
   114/499     4.53G   0.03893   0.07468   0.01192    0.1255        83       640    0.5606    0.9907    0.9454    0.7555   0.02321   0.03257   0.01154
   115/499     4.53G   0.03621   0.06252   0.01105    0.1098       108       640    0.4784         1    0.9892    0.5647   0.02901    0.0342  0.006828
   116/499     4.53G   0.03534   0.06446   0.01065    0.1105       108       640    0.5071         1    0.9939    0.7609   0.02866   0.03365  0.005998
   117/499     4.53G   0.03817   0.05965   0.01189    0.1097        97       640    0.4806         1    0.9657    0.5231   0.03027   0.03294  0.005848
   118/499     4.53G   0.03564   0.06503   0.01034     0.111        79       640    0.6586         1    0.9938    0.5611   0.02832   0.03331  0.006674
   119/499     4.53G   0.04436   0.07598   0.01109    0.1314       151       640    0.4324         1     0.973    0.6558   0.03899   0.04391  0.005617
   120/499     4.53G   0.04919   0.06727   0.01165    0.1281        83       640    0.4936         1    0.9865    0.6675   0.03189    0.0403  0.008539
   121/499     4.53G   0.03906   0.06732   0.01157     0.118        79       640    0.4377         1    0.9882    0.7734   0.02758   0.03511  0.005563
   122/499     4.53G   0.03773   0.06613   0.01038    0.1142        80       640    0.4921         1    0.9778    0.6517   0.02812   0.03374  0.006552
   123/499     4.53G   0.04043   0.06239   0.01081    0.1136        91       640    0.5091         1    0.9834    0.6632   0.03307   0.03517  0.007406
   124/499     4.53G   0.04724   0.08026  0.009725    0.1372       158       640    0.5414         1    0.9817    0.7086    0.0298   0.03983  0.005395
   125/499     4.53G   0.03967   0.07108   0.01057    0.1213       101       640    0.5351         1    0.9494    0.5735    0.0284   0.03376   0.01647
   126/499     4.53G   0.03644   0.05855  0.009815    0.1048       113       640    0.6427    0.9907     0.994    0.7747   0.02377   0.03254  0.006042
   127/499     4.53G   0.03585   0.06484   0.01011    0.1108        85       640    0.5138         1    0.9938    0.7562   0.02891   0.03878  0.004573
   128/499     4.53G   0.03937   0.06834  0.009445    0.1172        92       640      0.51         1    0.9885    0.7155   0.02991   0.03885  0.006987
   129/499     4.53G   0.03659    0.0686   0.01019    0.1154       102       640    0.5492         1    0.9844    0.7289   0.02415   0.03488  0.005355
   130/499     4.53G   0.03572    0.0616   0.01095    0.1083        85       640    0.6914         1    0.9903    0.7616   0.02363   0.03219  0.006006
   131/499     4.53G   0.03952   0.07301  0.009776    0.1223       117       640    0.4566         1    0.9044    0.4818   0.03266   0.03828  0.006647
   132/499     4.53G   0.04623     0.076   0.01009    0.1323       116       640      0.65         1    0.9831    0.6605   0.02996   0.03956  0.007773
   133/499     4.53G   0.03623   0.07427  0.009901    0.1204       109       640    0.3871         1    0.9816    0.5125   0.03202   0.03453  0.005011
   134/499     4.53G   0.03814   0.06831  0.008811    0.1153       117       640    0.6985         1    0.9952    0.6593   0.02404   0.03094  0.004767
   135/499     4.53G   0.03682   0.05976  0.008466     0.105        58       640    0.3835         1     0.938    0.5629    0.0345   0.03667  0.009673
   136/499     4.53G   0.04604   0.05979  0.009005    0.1148        53       640    0.4666         1    0.9629    0.6051   0.03227   0.03671   0.00945
   137/499     4.53G   0.03559   0.06978    0.0098    0.1152        90       640    0.5672         1    0.9873    0.7387   0.02312   0.03188  0.004869
   138/499     4.53G   0.03227   0.06064  0.009003    0.1019       126       640    0.5691         1    0.9892    0.6684   0.02764   0.03522  0.004703
   139/499     4.53G   0.03998   0.06477  0.008919    0.1137        69       640    0.6027         1    0.9942    0.7349   0.03213   0.04053  0.004389
   140/499     4.53G   0.04416   0.07462   0.00987    0.1286       114       640    0.5723         1     0.992    0.6645   0.02719   0.03965   0.00463
   141/499     4.53G   0.03361    0.0673  0.008934    0.1099       103       640    0.7867         1    0.9953    0.7431    0.0226   0.03291  0.004124
   142/499     4.53G   0.03038   0.05847  0.009504   0.09835        80       640    0.7822         1    0.9954    0.8381   0.02022   0.03052  0.003641
   143/499     4.53G   0.03709   0.06006  0.008358    0.1055        86       640     0.511         1    0.9709    0.5843   0.03992   0.03696  0.003707
   144/499     4.53G   0.04554   0.06557  0.008608    0.1197       109       640    0.6149    0.9922    0.9838    0.7993   0.02735   0.03609   0.01858
   145/499     4.53G   0.03361   0.07008  0.008576    0.1123       100       640    0.6444    0.9996    0.9952    0.7884   0.02013   0.03141   0.01437
   146/499     4.53G   0.03282   0.05898  0.009711    0.1015        63       640    0.7711         1    0.9954    0.7476   0.02065   0.03179  0.004352
   147/499     4.53G   0.03545   0.05854  0.009014     0.103        42       640    0.5406         1    0.9783    0.7612   0.02858   0.03576  0.004086
   148/499     4.53G   0.04447   0.07548  0.008436    0.1284        86       640    0.5637         1    0.9857     0.721   0.02731   0.04014  0.004378
   149/499     4.53G   0.03521   0.06723   0.00877    0.1112        90       640    0.4727         1    0.9944    0.6608   0.02363   0.03312  0.003798
   150/499     4.53G   0.02851   0.05923  0.007706   0.09544       110       640    0.7683         1    0.9955    0.7804   0.01827   0.03033  0.003146
   151/499     4.53G   0.03431   0.05836   0.00725   0.09993       103       640    0.7095         1    0.9954    0.7525   0.02956   0.03381  0.003189
   152/499     4.53G   0.04106   0.06487  0.007248    0.1132       117       640    0.6731         1    0.9955    0.6884   0.02326   0.03069  0.003544
   153/499     4.53G   0.03229   0.05915  0.006639   0.09807       100       640    0.6373         1    0.9943    0.8388   0.02469    0.0322  0.003546
   154/499     4.53G    0.0299   0.05702  0.007273   0.09419        97       640    0.8202         1    0.9953    0.7704   0.01985   0.02904  0.003003
   155/499     4.53G   0.03107   0.05648  0.006541   0.09409        75       640    0.8085         1    0.9956     0.738   0.02346   0.03336  0.002968
   156/499     4.53G    0.0335   0.06231  0.007246    0.1031        70       640    0.8033         1    0.9954    0.7449   0.02156   0.03157  0.003354
   157/499     4.53G   0.02898   0.05443  0.006746   0.09016        74       640     0.795         1    0.9956    0.7521   0.02122   0.02917  0.004006
   158/499     4.53G   0.03166   0.05695  0.007681   0.09629       134       640    0.8073         1    0.9956    0.8465   0.01812   0.02939  0.003904
   159/499     4.53G   0.03265   0.06013  0.008007    0.1008       107       640     0.798         1    0.9956    0.6587   0.02938   0.03371  0.004139
   160/499     4.53G   0.03983   0.05966   0.01014    0.1096        96       640    0.6605         1    0.9784    0.5601   0.02335   0.03171  0.004834
   161/499     4.53G    0.0315   0.05444  0.007573   0.09351        65       640    0.7689         1    0.9956    0.7557   0.02151   0.02923  0.004352
   162/499     4.53G   0.02555   0.05225  0.007767   0.08556       144       640     0.776         1    0.9956    0.8395   0.01764   0.02873  0.003435
   163/499     4.53G   0.03511   0.06599  0.006131    0.1072        81       640    0.5711         1    0.9857     0.699   0.03249     0.039  0.005787
   164/499     4.53G   0.04134   0.06612  0.008751    0.1162        54       640    0.5981         1     0.993    0.7697   0.02829    0.0374  0.003722
   165/499     4.53G   0.03135   0.07083  0.006359    0.1085       140       640    0.8081         1    0.9956    0.8703    0.0172   0.02991  0.003089
   166/499     4.53G   0.02829   0.05465  0.005772   0.08872        65       640    0.8276         1    0.9956    0.8499   0.01607   0.02827  0.002694
   167/499     4.53G   0.02912   0.05944  0.005936    0.0945       113       640    0.6926         1    0.9953    0.7337   0.02366   0.03082   0.00263
   168/499     4.53G    0.0336   0.05878  0.006016   0.09839        94       640    0.7772         1    0.9956    0.8159   0.02042    0.0288  0.003665
   169/499     4.53G   0.02614   0.05035  0.006664   0.08315       100       640    0.7373         1    0.9929    0.7472   0.02099   0.02904  0.003488
   170/499     4.53G   0.02458    0.0532  0.005851   0.08363       136       640    0.8071         1    0.9956     0.865   0.02136   0.02845  0.002853
   171/499     4.53G   0.03125   0.05342  0.005454   0.09013        84       640    0.8076         1    0.9957    0.8058    0.0208   0.03118  0.002782
   172/499     4.53G   0.03516   0.06142  0.005456     0.102        81       640    0.7936         1    0.9957    0.8118   0.02413   0.03277  0.002749
   173/499     4.53G   0.02822   0.05483  0.005752   0.08881       126       640     0.834         1    0.9957    0.8453   0.01845   0.02835  0.002756
   174/499     4.53G   0.02334   0.05138  0.005785   0.08051       116       640    0.8331         1    0.9957    0.8639   0.01549   0.02618  0.002635
   175/499     4.53G   0.03074   0.06053  0.005421   0.09669       136       640    0.8144         1    0.9957    0.7993   0.02235   0.02926   0.00263
   176/499     4.53G   0.03582   0.06675  0.005159    0.1077       105       640    0.8019         1    0.9957    0.8347   0.01825   0.02807  0.002842
   177/499     4.53G   0.02542    0.0549  0.006076   0.08639        90       640     0.828         1    0.9957    0.7685   0.02142   0.02942  0.002753
   178/499     4.53G    0.0257   0.05503  0.005631   0.08636        71       640    0.8314         1    0.9957    0.8291   0.01783   0.02786  0.002778
   179/499     4.53G   0.02835   0.05919  0.005577   0.09312        98       640    0.8299         1    0.9957     0.784   0.01634   0.02794  0.002816
   180/499     4.53G   0.03065   0.06121  0.005856   0.09771       104       640    0.8067         1    0.9955    0.7113   0.02437    0.0354   0.00278
   181/499     4.53G    0.0272   0.06108  0.005667   0.09395        88       640    0.8239         1    0.9957    0.7809   0.01721   0.03029  0.003019
   182/499     4.53G   0.02392   0.05665  0.005547   0.08612       101       640    0.8118         1    0.9957    0.8241    0.0148   0.02643  0.003136
   183/499     4.53G   0.02456   0.04768   0.00533   0.07756        87       640    0.7964         1    0.9956    0.8378   0.02139   0.02892  0.003086
   184/499     4.53G   0.03023   0.05873  0.005867   0.09482       109       640    0.8361         1    0.9957      0.89   0.01917    0.0263  0.002316
   185/499     4.53G   0.02435   0.04894  0.005102   0.07839       117       640    0.8314         1    0.9957    0.8487    0.0184   0.02689  0.002263
   186/499     4.53G   0.02595   0.05104  0.004838   0.08184        98       640    0.7977         1    0.9957     0.844   0.01572     0.026  0.003049
   187/499     4.53G   0.02855   0.05709  0.005225   0.09086       109       640    0.8166         1    0.9957    0.7207   0.02375    0.0285  0.003306
   188/499     4.53G   0.03203   0.06395  0.005714    0.1017       120       640    0.8165         1    0.9958    0.8716    0.0157   0.02571  0.003878
   189/499     4.53G   0.02794   0.05238  0.005803   0.08613        94       640    0.8034         1    0.9958    0.8652   0.01642    0.0265  0.003708
   190/499     4.53G   0.02149   0.04508  0.005771   0.07235        82       640    0.8059         1    0.9957    0.8538   0.01317   0.02485  0.003206
   191/499     4.53G   0.02679   0.05768  0.005606   0.09008       108       640    0.8025         1    0.9958    0.7192   0.02533   0.03356  0.003039
   192/499     4.53G   0.03108   0.06081  0.005976   0.09787        82       640    0.8159         1    0.9957    0.8932   0.01572   0.02839  0.003161
   193/499     4.53G   0.02388   0.05308  0.005551   0.08252        96       640    0.8086         1    0.9956    0.8062   0.01718   0.02704   0.00317
   194/499     4.53G   0.02449   0.05179   0.00486   0.08115        85       640    0.8138         1    0.9956    0.8713   0.01419   0.02494   0.00287
   195/499     4.53G   0.02365   0.04761   0.00456   0.07583       100       640     0.812         1    0.9957    0.8043   0.01582   0.02632  0.002771
   196/499     4.53G    0.0261   0.05222  0.004633   0.08295       110       640    0.8167         1    0.9957    0.8547   0.01545   0.02577  0.002465
   197/499     4.53G   0.02494   0.04844   0.00463   0.07801        86       640    0.9412         1    0.9938    0.8309    0.0206    0.0284  0.003563
   198/499     4.53G   0.02391    0.0546  0.005227   0.08374       139       640    0.9223         1    0.9954    0.8915   0.01399   0.02473  0.003229
   199/499     4.53G   0.02397   0.04783  0.004851   0.07665        85       640    0.8491         1    0.9958    0.7368   0.02083   0.02791  0.002445
   200/499     4.53G   0.03162   0.05887  0.005439   0.09592        58       640    0.8486         1    0.9958    0.7869   0.01919   0.02823  0.002304
   201/499     4.53G   0.02639   0.05631  0.004788   0.08749        52       640    0.8518         1    0.9958    0.8327   0.01571   0.02548  0.002336
   202/499     4.53G   0.02446   0.04839  0.005227   0.07807        87       640    0.8513         1    0.9959    0.8343   0.01293   0.02325  0.002397
   203/499     4.53G   0.02157   0.04564  0.004509   0.07172        75       640    0.8509         1    0.9959    0.8874    0.0173   0.02626  0.002312
   204/499     4.53G    0.0262   0.05193  0.005161   0.08329        92       640    0.8505         1    0.9959    0.8652   0.01247   0.02407  0.002274
   205/499     4.53G   0.02029   0.04858   0.00406   0.07293       108       640    0.8257         1    0.9959    0.8418    0.0185   0.02713  0.002329
   206/499     4.53G   0.02696   0.05736  0.004676     0.089       109       640    0.8481         1    0.9959    0.9135   0.01197   0.02343  0.002093
   207/499     4.53G   0.02606   0.04508  0.004654    0.0758        50       640    0.8515         1    0.9959    0.6801   0.02533   0.03145  0.002053
   208/499     4.53G   0.03341   0.05561  0.006313   0.09533        96       640    0.7835         1    0.9958    0.6974   0.02007   0.02762  0.002057
   209/499     4.53G   0.02724   0.05379  0.004763   0.08579       102       640    0.8499         1    0.9958    0.8005   0.01715   0.02736  0.002038
   210/499     4.53G     0.022   0.04597  0.004114   0.07208        81       640     0.848         1    0.9958    0.8313   0.01438   0.02579  0.001956
   211/499     4.53G   0.02643   0.05197  0.004524   0.08292        84       640      0.85         1    0.9958    0.7917   0.01987   0.02861  0.001901
   212/499     4.53G   0.03041    0.0512  0.004672   0.08628        69       640    0.8274         1    0.9958    0.8128   0.01721   0.02577   0.00283
   213/499     4.53G   0.02317   0.04724  0.005217   0.07563        52       640    0.8162         1    0.9958    0.8771   0.01248   0.02424   0.00362
   214/499     4.53G   0.01963   0.04563  0.004634    0.0699       109       640    0.8441         1    0.9958    0.8647   0.01244   0.02396  0.002325
   215/499     4.53G   0.02408   0.04911  0.004843   0.07803        68       640    0.7911         1    0.9957    0.8182    0.0218   0.02852  0.002087
   216/499     4.53G   0.02991   0.06162  0.004872    0.0964       135       640     0.831         1    0.9958    0.8251   0.01526   0.02761  0.002035
   217/499     4.53G   0.02276   0.05159  0.003993   0.07834        57       640    0.8544         1    0.9958    0.8381   0.01705   0.02628  0.002089
   218/499     4.53G   0.02233   0.04986  0.004066   0.07626        87       640    0.8543         1    0.9958    0.8694   0.01314   0.02388  0.002127
   219/499     4.53G   0.02106   0.04302  0.004538   0.06863        88       640    0.8507         1    0.9958    0.8401   0.01471   0.02428  0.002116
   220/499     4.53G   0.02442   0.05118  0.003909   0.07951       126       640    0.8341         1    0.9958    0.9129   0.01223   0.02405  0.002192
   221/499     4.53G   0.02022   0.05211  0.004383   0.07672       105       640     0.846         1    0.9958    0.8812   0.01234    0.0235  0.002094
   222/499     4.53G   0.01915   0.04744    0.0045   0.07108        99       640    0.8396         1    0.9958    0.8568     0.011   0.02172  0.002146
   223/499     4.53G    0.0226   0.04912  0.004014   0.07573        77       640     0.837         1    0.9958    0.8718    0.0153   0.02533   0.00217
   224/499     4.53G   0.02803   0.05855  0.004019   0.09061       134       640    0.8339         1    0.9959    0.8464   0.01391   0.02363  0.002475
   225/499     4.53G   0.02052   0.04591  0.004273    0.0707        95       640      0.83         1    0.9959    0.8863   0.01192    0.0224  0.002466
   226/499     4.53G   0.01843   0.04269  0.004068   0.06518        54       640    0.8252         1    0.9958    0.9188   0.01151   0.02229  0.002586
   227/499     4.53G   0.02127   0.05284  0.004723   0.07884       118       640    0.8203         1    0.9958    0.8914   0.01463   0.02458    0.0025
   228/499     4.53G   0.02386   0.04894   0.00417   0.07697        86       640    0.8014         1    0.9959    0.7974   0.01552   0.02566  0.003192
   229/499     4.53G   0.02197    0.0468  0.005064   0.07384        83       640    0.7635    0.9902    0.9952    0.9104   0.01463   0.02506  0.008471
   230/499     4.53G   0.01931   0.04798  0.004511    0.0718       157       640    0.8357         1    0.9959    0.8991   0.01293   0.02354  0.002418
   231/499     4.53G   0.02151   0.04558  0.004901   0.07199        80       640    0.8504         1    0.9958    0.8285   0.01488   0.02597  0.001882
   232/499     4.53G   0.02477   0.05553  0.004205    0.0845        87       640    0.8412         1    0.9959    0.8477   0.01289   0.02531  0.001988
   233/499     4.53G   0.02088   0.04858  0.004524   0.07399        90       640    0.8358         1    0.9956    0.8757   0.01372   0.02459  0.002764
   234/499     4.53G   0.01878   0.04267  0.004151    0.0656        86       640    0.8393         1    0.9959    0.8942  0.009821   0.02169  0.002271
   235/499     4.53G    0.0167   0.04231  0.003963   0.06297        99       640    0.8459         1    0.9958    0.9076   0.01286   0.02375  0.001909
   236/499     4.53G   0.02018   0.04427  0.003748    0.0682        76       640    0.8349         1    0.9958    0.8732   0.01258   0.02266  0.001868
   237/499     4.53G    0.0209   0.04985  0.004287   0.07504       113       640    0.8239         1    0.9958    0.9019   0.01145   0.02273  0.001959
   238/499     4.53G   0.01643   0.04184  0.003304   0.06158        84       640    0.8289         1    0.9958    0.8925   0.01248   0.02364  0.002535
   239/499     4.53G   0.02125   0.04462  0.004096   0.06996        87       640    0.8346         1    0.9958    0.8228   0.01554   0.02485  0.002549
   240/499     4.53G   0.02689   0.05529  0.004383   0.08656       107       640    0.8326         1    0.9959    0.8801   0.01468   0.02383  0.002677
   241/499     4.53G   0.02266   0.05034  0.004589   0.07759        94       640    0.8431         1    0.9958    0.9026   0.01356   0.02439   0.00204
   242/499     4.53G   0.01864   0.04309  0.004276   0.06601       106       640    0.8504         1    0.9959     0.927  0.009833   0.02186  0.001884
   243/499     4.53G   0.01967   0.04297  0.003826   0.06646        60       640    0.8521         1    0.9959    0.8346   0.01702   0.02622  0.001873
   244/499     4.53G   0.02437   0.04824  0.003836   0.07645        82       640     0.853         1    0.9959    0.8222   0.01604   0.02595  0.001877
   245/499     4.53G   0.02351   0.04761  0.004236   0.07536        82       640    0.8527         1    0.9958    0.8646   0.01325   0.02464  0.001975
   246/499     4.53G   0.01952   0.04334  0.004131   0.06699        61       640    0.8507         1    0.9958    0.8863   0.00996   0.02124   0.00197
   247/499     4.53G   0.01783   0.04247  0.004015   0.06431       105       640    0.8485         1    0.9958    0.9116   0.01191   0.02253  0.001884
   248/499     4.53G   0.02099   0.04993   0.00414   0.07506       108       640    0.8522         1    0.9958    0.8908   0.01253   0.02302  0.001821
   249/499     4.53G   0.02141   0.05193  0.004087   0.07743       101       640    0.8551         1    0.9958     0.898   0.01323   0.02364  0.001695
   250/499     4.53G   0.01934   0.04701  0.003778   0.07013       125       640    0.8572         1    0.9959    0.8921    0.0108   0.02153  0.001629
   251/499     4.53G   0.02135   0.05129  0.003257    0.0759       138       640    0.8559         1    0.9959     0.803   0.01818   0.02641  0.001591
   252/499     4.53G   0.02406   0.04177  0.004388   0.07021        72       640    0.8567         1    0.9959    0.8748   0.01365   0.02309  0.001608
   253/499     4.53G   0.01825   0.04555  0.003469   0.06728       109       640    0.8565         1    0.9959    0.9119   0.01175   0.02318  0.001608
   254/499     4.53G   0.01832   0.04439  0.003318   0.06602       138       640    0.8545         1    0.9959     0.905   0.01026   0.02241  0.001564
   255/499     4.53G   0.02106   0.05171  0.004136    0.0769       150       640    0.8565         1    0.9959    0.8709   0.01465   0.02422  0.001528
   256/499     4.53G   0.02588   0.06067  0.004005   0.09056        95       640    0.8541         1    0.9959    0.8781   0.01352   0.02469  0.001542
   257/499     4.53G   0.02395   0.05378  0.003261   0.08099       123       640    0.8478         1    0.9959      0.87   0.01186   0.02216  0.001625
   258/499     4.53G   0.01731   0.04065  0.003557   0.06151        73       640    0.8474         1    0.9959    0.9276  0.009944    0.0213  0.001607
   259/499     4.53G   0.01793   0.04516   0.00352   0.06661        88       640    0.8478         1    0.9959    0.9138   0.01316   0.02426  0.001551
   260/499     4.53G   0.02069   0.04864  0.003816   0.07315        86       640    0.8431         1    0.9959    0.9139   0.01113   0.02263   0.00149
   261/499     4.53G   0.01877   0.04883  0.004083   0.07168        93       640    0.8447         1    0.9959    0.9342   0.01165   0.02202  0.001512
   262/499     4.53G   0.01797   0.04199  0.003178   0.06314       110       640    0.8426         1    0.9959    0.8919   0.01179   0.02175  0.001531
   263/499     4.53G     0.022    0.0489  0.004576   0.07548        95       640     0.851         1    0.9959     0.894   0.01412   0.02384  0.001559
   264/499     4.53G   0.02423   0.04732  0.003585   0.07513        53       640    0.8525         1    0.9959    0.8178   0.01267   0.02278  0.001638
   265/499     4.53G   0.02028   0.04353  0.003829   0.06764        85       640    0.8493         1    0.9959    0.8908    0.0116   0.02319  0.001758
   266/499     4.53G   0.01799   0.04203  0.004604   0.06462        75       640    0.8408         1    0.9959    0.9112   0.01034    0.0228  0.001845
   267/499     4.53G    0.0181   0.04637  0.005003   0.06947        72       640     0.841         1    0.9959    0.8967   0.01228   0.02318  0.001828
   268/499     4.53G   0.02194   0.04831  0.003956   0.07421        80       640    0.8427         1    0.9959     0.917   0.00996   0.02245  0.001844
   269/499     4.53G   0.01825   0.04661   0.00404    0.0689       105       640    0.8428         1    0.9959    0.9473   0.01088   0.02251  0.001965
   270/499     4.53G   0.01734   0.04416   0.00391   0.06541        71       640     0.855         1    0.9959    0.9355   0.00953   0.02089  0.001769
   271/499     4.53G   0.02071   0.04679  0.003417   0.07092       105       640    0.8564         1    0.9959    0.8582   0.01502   0.02481  0.001678
   272/499     4.53G   0.02449   0.04754  0.003796   0.07582        88       640    0.8538         1    0.9959    0.8411   0.01344   0.02265   0.00155
   273/499     4.53G   0.02305   0.05124  0.003488   0.07777       110       640    0.8535         1    0.9959    0.8175   0.01379   0.02398  0.001514
   274/499     4.53G   0.01909   0.04043  0.004893   0.06441        48       640    0.8533         1    0.9959    0.9185  0.009366   0.02112  0.001464
   275/499     4.53G   0.01766   0.04428  0.003356    0.0653       118       640    0.8539         1    0.9959    0.8816   0.01181   0.02246  0.001435
   276/499     4.53G    0.0192    0.0443  0.004336   0.06783       120       640      0.85         1    0.9959    0.9343   0.01271   0.02284  0.001425
   277/499     4.53G   0.01812   0.04707  0.003557   0.06874        91       640    0.8482         1    0.9959    0.9244   0.01094   0.02208   0.00146
   278/499     4.53G    0.0155   0.03901  0.004689    0.0592        98       640    0.8433         1    0.9959    0.9371  0.009659    0.0209  0.001524
   279/499     4.53G   0.01643   0.03763  0.003304   0.05736        60       640    0.8449         1    0.9959    0.8971   0.01092   0.02155  0.001513
   280/499     4.53G   0.01977   0.04379  0.003522   0.06708        77       640    0.8494         1    0.9959    0.9209   0.01039   0.02194  0.001461
   281/499     4.53G   0.01934   0.04128  0.003465   0.06409        72       640    0.8528         1    0.9959     0.887   0.01303   0.02448  0.001468
   282/499     4.53G    0.0181   0.04165  0.003563   0.06331        80       640    0.8553         1    0.9959    0.8711   0.01001   0.02192  0.001451
   283/499     4.53G   0.01806   0.04482  0.004505   0.06739        79       640    0.8522         1    0.9959    0.8773   0.01215   0.02321  0.001537
   284/499     4.53G   0.02059   0.04998  0.003721   0.07429       168       640    0.8539         1    0.9959     0.899   0.01048   0.02162  0.001474
   285/499     4.53G   0.01759   0.04456  0.003988   0.06614       104       640    0.8583         1    0.9959    0.8977   0.01211   0.02221  0.001428
   286/499     4.53G   0.01825   0.04161  0.003514   0.06338       122       640    0.8583         1    0.9959    0.9221  0.009306   0.01976  0.001454
   287/499     4.53G   0.01614   0.04044  0.003347   0.05993       122       640    0.8581         1    0.9959    0.9007   0.01115   0.02083   0.00146
   288/499     4.53G   0.01833    0.0412  0.003537   0.06308        92       640    0.8567         1    0.9959    0.9224  0.009925    0.0202   0.00146
   289/499     4.53G   0.01686   0.03976  0.003529   0.06015        72       640    0.8492         1    0.9959    0.9227   0.01199   0.02181  0.001518
   290/499     4.53G   0.01772    0.0461  0.003413   0.06724        62       640    0.8525         1    0.9959     0.926  0.009321   0.02029  0.001476
   291/499     4.53G   0.01762   0.04501   0.00391   0.06654        78       640    0.8556         1    0.9959       0.9   0.01157   0.02219  0.001436
   292/499     4.53G   0.02207     0.049  0.003405   0.07448       130       640    0.8549         1    0.9959    0.8882   0.01357   0.02375  0.001365
   293/499     4.53G   0.02039   0.04551  0.003805    0.0697        48       640    0.8579         1    0.9959    0.8941  0.009618   0.02056  0.001396
   294/499     4.53G   0.01622   0.04387  0.003296   0.06339       102       640    0.8574         1    0.9959    0.9236  0.008635   0.02006  0.001398
   295/499     4.53G   0.01766   0.04469   0.00299   0.06534       147       640    0.8568         1    0.9959    0.9037   0.01144   0.02168  0.001362
   296/499     4.53G   0.02203   0.04894  0.003638   0.07461       108       640    0.8572         1    0.9959    0.8968   0.01175   0.02171  0.001348
   297/499     4.53G   0.02005   0.04317   0.00357    0.0668        78       640    0.8503         1    0.9959    0.8368   0.01247   0.02217  0.001378
   298/499     4.53G   0.01871   0.04599  0.003644   0.06835       101       640    0.8436         1    0.9959    0.9327  0.008483   0.01925  0.001479
   299/499     4.53G    0.0148   0.03757  0.003106   0.05547       107       640    0.8435         1    0.9959    0.9081   0.01098   0.02098  0.001479
   300/499     4.53G   0.01592   0.03713  0.003632   0.05668        92       640    0.8462         1    0.9959    0.9153  0.009579   0.01977  0.001481
   301/499     4.53G   0.01516   0.03876  0.003511   0.05744        92       640    0.8217         1    0.9959    0.8998   0.01211   0.02168  0.001678
   302/499     4.53G   0.01576   0.04125  0.003658   0.06067       146       640    0.8158         1    0.9959    0.9449  0.008157   0.01813  0.001977
   303/499     4.53G   0.01402   0.03689   0.00332   0.05423       121       640    0.8101         1    0.9959    0.9506   0.01053   0.01971  0.002216
   304/499     4.53G   0.01648   0.04288   0.00298   0.06235        96       640    0.8048         1    0.9959    0.9232   0.01001   0.02007  0.003238
   305/499     4.53G   0.01758   0.04238  0.003428   0.06339       108       640     0.812         1    0.9959    0.8872   0.01057   0.01991  0.003049
   306/499     4.53G   0.01585   0.04119  0.003202   0.06024        88       640    0.8311         1    0.9959    0.9554  0.009168   0.01897  0.002044
   307/499     4.53G   0.01723   0.04094  0.003107   0.06128        89       640      0.83         1    0.9959     0.922    0.0114   0.02128  0.001666
   308/499     4.53G   0.02087   0.04657  0.003315   0.07075        84       640     0.851         1    0.9959    0.9186  0.009649   0.01936  0.001482
   309/499     4.53G   0.01812   0.04385  0.003187   0.06515       107       640    0.8538         1    0.9959    0.9116   0.01231   0.02129  0.001424
   310/499     4.53G   0.01569   0.03964  0.003159   0.05849        85       640    0.8553         1    0.9959    0.9377  0.007996   0.01905   0.00138
   311/499     4.53G   0.01335    0.0356  0.003006   0.05197        89       640    0.8566         1    0.9959    0.9204  0.009797   0.02073  0.001332
   312/499     4.53G   0.01571    0.0413  0.003114   0.06013       120       640    0.8552         1    0.9959    0.9279  0.008554   0.01952  0.001277
   313/499     4.53G    0.0152   0.03891  0.002897   0.05702        64       640    0.8556         1    0.9959    0.9209  0.009244    0.0203  0.001251
   314/499     4.53G   0.01532   0.03747  0.003083   0.05588        96       640    0.8553         1    0.9959    0.9215  0.008513   0.01995  0.001223
   315/499     4.53G   0.01529   0.03803  0.003029   0.05635       109       640    0.8555         1    0.9959    0.8931   0.01065   0.02125   0.00121
   316/499     4.53G   0.01709   0.03957  0.002701   0.05936       109       640    0.8549         1    0.9959      0.92  0.009332   0.02043  0.001213
   317/499     4.53G   0.01527   0.03889  0.003381   0.05754       133       640    0.8494         1    0.9959    0.9519  0.009043   0.01976  0.001232
   318/499     4.53G   0.01362    0.0351    0.0033   0.05203        71       640    0.8492         1    0.9959     0.933  0.007899   0.01885  0.001235
   319/499     4.53G   0.01526   0.04032  0.003028    0.0586       121       640    0.8541         1    0.9959    0.9187   0.01008   0.02144  0.001223
   320/499     4.53G   0.01661   0.04161  0.003088   0.06131        86       640    0.8541         1    0.9959    0.9265  0.008589    0.0198  0.001217
   321/499     4.53G   0.01454   0.03821  0.002871   0.05562       107       640     0.856         1    0.9959    0.9211  0.008635   0.02007  0.001245
   322/499     4.53G   0.01386   0.03581   0.00328   0.05295       103       640    0.8561         1    0.9959    0.9386     0.008   0.01874  0.001264
   323/499     4.53G   0.01472   0.03659  0.003424   0.05473        55       640    0.8558         1    0.9959    0.9258    0.0112   0.02156   0.00127
   324/499     4.53G   0.01835   0.04764  0.003598   0.06959       153       640    0.8441         1    0.9959    0.8861  0.009567   0.02028  0.001306
   325/499     4.53G   0.01638   0.03935  0.002653   0.05839       114       640    0.8446         1    0.9959    0.9323  0.009855   0.02113  0.001319
   326/499     4.53G   0.01488    0.0357  0.003119    0.0537        69       640    0.8469         1    0.9959    0.9467  0.007706   0.01954  0.001305
   327/499     4.53G    0.0149   0.04005  0.003294   0.05824       155       640    0.8443         1    0.9959    0.9672  0.009281   0.02055  0.001282
   328/499     4.53G   0.01582    0.0373  0.002682    0.0558        85       640    0.8474         1    0.9959    0.9295  0.009189   0.02005  0.001255
   329/499     4.53G   0.01559   0.04148  0.002926      0.06        94       640    0.8442         1    0.9959    0.9335  0.009767   0.02007  0.001266
   330/499     4.53G    0.0146   0.03697  0.002291   0.05386        84       640    0.8387         1    0.9959    0.9331  0.008216   0.01866  0.001274
   331/499     4.53G   0.01455   0.04038  0.002955   0.05788       124       640    0.8436         1    0.9959    0.9344  0.008965   0.01917  0.001242
   332/499     4.53G   0.01494   0.03552    0.0027   0.05316        59       640     0.849         1    0.9959     0.922   0.00867   0.01876  0.001203
   333/499     4.53G   0.01445   0.03815   0.00289    0.0555        83       640    0.8543         1    0.9959    0.9313  0.008654   0.01897  0.001172
   334/499     4.53G   0.01505   0.03759  0.002955   0.05559       112       640    0.8536         1    0.9959    0.9358  0.008721   0.01912   0.00117
   335/499     4.53G   0.01565   0.03677  0.002928   0.05535        91       640    0.8536         1    0.9959    0.8887   0.01177    0.0219  0.001178
   336/499     4.53G   0.01813   0.04427  0.003064   0.06546        91       640    0.8531         1    0.9959    0.9314  0.008603   0.01992  0.001209
   337/499     4.53G   0.01682     0.041  0.002489    0.0603       119       640    0.8537         1    0.9959    0.8816   0.01061   0.02164  0.001252
   338/499     4.53G   0.01404   0.03755  0.002984   0.05458        76       640    0.8539         1    0.9959    0.9359  0.007438   0.01884  0.001268
   339/499     4.53G   0.01157   0.02883  0.003613   0.04402        55       640    0.8541         1    0.9959    0.9614  0.007906   0.01892  0.001256
   340/499     4.53G   0.01272   0.03303  0.002556   0.04831        58       640    0.8547         1    0.9959    0.9335  0.008125   0.01865  0.001222
   341/499     4.53G   0.01372   0.03539  0.002796   0.05191        91       640    0.8545         1    0.9959    0.9226  0.008375   0.01862    0.0012
   342/499     4.53G   0.01334   0.03585  0.002872   0.05206        92       640    0.8552         1    0.9959    0.9134  0.007968   0.01863  0.001163
   343/499     4.53G   0.01357   0.03331  0.003165   0.05005        55       640    0.8556         1    0.9959    0.9322  0.008622    0.0189  0.001142
   344/499     4.53G   0.01569   0.03825  0.003252   0.05719       111       640    0.8575         1    0.9959    0.9538  0.009499   0.01998  0.001114
   345/499     4.53G   0.01511   0.03749  0.003461   0.05606        70       640    0.8575         1    0.9959    0.9289  0.008908   0.01905  0.001096
   346/499     4.53G   0.01476   0.03902  0.002659   0.05644       107       640    0.8577         1    0.9959    0.9254   0.00839   0.01889  0.001081
   347/499     4.53G   0.01426   0.03763  0.002577   0.05446       106       640     0.858         1    0.9959    0.9419  0.009281   0.02017  0.001063
   348/499     4.53G   0.01478   0.04045   0.00258   0.05781       132       640    0.8581         1    0.9959    0.9397  0.008362   0.01953  0.001049
   349/499     4.53G    0.0142   0.03841  0.002779   0.05539        87       640    0.8582         1    0.9959    0.9228   0.00881   0.01972  0.001037
   350/499     4.53G   0.01416   0.03831  0.003004   0.05548        96       640    0.8582         1    0.9958    0.9348  0.007884   0.01946  0.001024
   351/499     4.53G   0.01362    0.0354  0.002553   0.05157        91       640    0.8576         1    0.9958    0.9218  0.009456   0.02052  0.001015
   352/499     4.53G   0.01489   0.03577  0.002589   0.05325        71       640    0.8571         1    0.9959    0.9364  0.008704   0.01948  0.001001
   353/499     4.53G    0.0148   0.03449  0.004381   0.05367        62       640    0.8562         1    0.9959    0.9496  0.008663   0.01876 0.0009993
   354/499     4.53G   0.01344   0.03705    0.0026   0.05308        82       640    0.8551         1    0.9959     0.936  0.007864   0.01843  0.001004
   355/499     4.53G   0.01401   0.03466  0.003258   0.05193        61       640    0.8553         1    0.9959    0.9219  0.009053   0.01955 0.0009921
   356/499     4.53G   0.01679   0.04026  0.002598   0.05965        85       640    0.8547         1    0.9959    0.9324  0.008618   0.01878 0.0009992
   357/499     4.53G   0.01446   0.03785  0.002966   0.05528        90       640    0.8542         1    0.9959    0.9343   0.00811   0.01849   0.00101
   358/499     4.53G   0.01369   0.03824  0.002814   0.05474       102       640    0.8537         1    0.9959    0.9499   0.00721   0.01795  0.001026
   359/499     4.53G   0.01291   0.03897  0.002989   0.05487       112       640    0.8538         1    0.9959    0.9173  0.008575   0.01891   0.00103
   360/499     4.53G   0.01382   0.03676   0.00252    0.0531       103       640    0.8537         1    0.9959    0.9515  0.008816   0.01926  0.001041
   361/499     4.53G   0.01474   0.03622  0.002842   0.05381       104       640    0.8541         1    0.9959    0.9302  0.008096   0.01898  0.001055
   362/499     4.53G   0.01269   0.03695  0.002621   0.05226        99       640    0.8547         1    0.9959    0.9409  0.007286   0.01827  0.001072
   363/499     4.53G   0.01295   0.03373  0.003321      0.05       116       640    0.8548         1    0.9959    0.9377  0.007634   0.01824   0.00107
   364/499     4.53G   0.01414    0.0378  0.002695   0.05463        79       640    0.8552         1    0.9959    0.9279   0.00852   0.01909  0.001078
   365/499     4.53G   0.01438   0.03405  0.002938   0.05138        71       640    0.8546         1    0.9959    0.9241  0.007945    0.0181  0.001074
   366/499     4.53G   0.01265   0.03353  0.002754   0.04893        77       640    0.8547         1    0.9959    0.9612  0.007683   0.01827  0.001066
   367/499     4.53G   0.01373   0.03467  0.002785   0.05118       128       640    0.8548         1    0.9959    0.9264  0.008755   0.01935  0.001056
   368/499     4.53G   0.01508   0.03625  0.002694   0.05402        70       640    0.8542         1    0.9959    0.9215  0.009844   0.01916  0.001034
   369/499     4.53G   0.01511     0.038  0.002809   0.05592        84       640    0.8549         1    0.9959    0.9317  0.007925   0.01837  0.001031
   370/499     4.53G   0.01378   0.03684  0.002905   0.05352        54       640    0.8545         1    0.9959    0.9368  0.007184   0.01772  0.001016
   371/499     4.53G   0.01222   0.03344  0.002539    0.0482        83       640    0.8542         1    0.9959    0.9588  0.007607   0.01783  0.001003
   372/499     4.53G   0.01322   0.03506  0.003065   0.05134        80       640    0.8547         1    0.9959    0.9264  0.008699   0.01877 0.0009869
   373/499     4.53G   0.01388   0.04002  0.002621   0.05651       107       640    0.8558         1    0.9959    0.9212  0.007824   0.01775  0.000979
   374/499     4.53G   0.01269   0.03409  0.002435   0.04922        77       640    0.8568         1    0.9959    0.9411  0.007012   0.01745 0.0009698
   375/499     4.53G   0.01179   0.03078  0.002943   0.04552        37       640    0.8569         1    0.9959    0.9431  0.008437   0.01872 0.0009598
   376/499     4.53G   0.01321   0.03401  0.002582    0.0498        75       640     0.857         1    0.9959    0.9201  0.008726   0.01917 0.0009326
   377/499     4.53G   0.01426   0.03867  0.002681   0.05561       106       640    0.8579         1    0.9959    0.9475  0.008575    0.0194 0.0009118
   378/499     4.53G    0.0132   0.03522  0.002476    0.0509       157       640    0.8582         1    0.9959    0.9691  0.007035   0.01783 0.0008887
   379/499     4.53G   0.01155   0.03424  0.002072   0.04786       112       640     0.858         1    0.9959    0.9604  0.007427    0.0176 0.0008738
   380/499     4.53G   0.01306   0.03771  0.002597   0.05336       132       640     0.858         1    0.9959     0.968  0.007278   0.01758 0.0008512
   381/499     4.53G   0.01142   0.02989  0.002361   0.04367        60       640    0.8575         1    0.9959    0.9362  0.007546   0.01753 0.0008346
   382/499     4.53G   0.01209   0.03231  0.002283   0.04668       104       640    0.8572         1    0.9959     0.936  0.007319   0.01749 0.0008226
   383/499     4.53G   0.01374   0.03681  0.002622   0.05317        72       640    0.8564         1    0.9959    0.9318  0.008198   0.01825 0.0008209
   384/499     4.53G   0.01542   0.04141  0.002577   0.05941        91       640    0.8569         1    0.9959    0.9284  0.008458   0.01895 0.0008277
   385/499     4.53G   0.01457   0.03496  0.002636   0.05217        79       640    0.8561         1    0.9959    0.9352  0.007967   0.01824 0.0008403
   386/499     4.53G   0.01309   0.03643   0.00249     0.052       143       640    0.8558         1    0.9959    0.9413  0.006866   0.01722 0.0008604
   387/499     4.53G   0.01128   0.03054  0.001997   0.04382        98       640    0.8564         1    0.9959    0.9379  0.007738   0.01835 0.0008647
   388/499     4.53G   0.01345    0.0412  0.002742   0.05739       130       640    0.8556         1    0.9959    0.9353  0.007374   0.01741 0.0008844
   389/499     4.53G   0.01283   0.03495  0.002452   0.05023        61       640    0.8559         1    0.9959    0.9639  0.007349   0.01746 0.0008975
   390/499     4.53G   0.01316   0.03729  0.002174   0.05262       117       640    0.8561         1    0.9959    0.9357  0.007361   0.01725   0.00091
   391/499     4.53G   0.01442    0.0375  0.002237   0.05415        82       640    0.8559         1    0.9959    0.9185  0.009926   0.01976 0.0009058
   392/499     4.53G   0.01639   0.04109  0.002741   0.06022        97       640    0.8562         1    0.9959    0.9383  0.007124   0.01744 0.0009133
   393/499     4.53G   0.01412   0.03847   0.00257   0.05516       123       640    0.8559         1    0.9959    0.9476  0.008185   0.01826 0.0009232
   394/499     4.53G   0.01243    0.0377  0.002097   0.05223       118       640     0.856         1    0.9959    0.9707  0.006875   0.01708 0.0009256
   395/499     4.53G   0.01014   0.02845  0.002497   0.04108        84       640    0.8562         1    0.9959    0.9452  0.006971   0.01717 0.0009174
   396/499     4.53G   0.01183   0.03341  0.002722   0.04796        76       640    0.8566         1    0.9959    0.9495  0.006927   0.01698 0.0008998
   397/499     4.53G   0.01176    0.0314  0.002695   0.04585        75       640     0.857         1    0.9959    0.9686  0.006681    0.0165 0.0008906
   398/499     4.53G   0.01077   0.03316  0.002724   0.04665        91       640    0.8573         1    0.9959    0.9418  0.006845   0.01659  0.000871
   399/499     4.53G   0.01192   0.03486  0.002643   0.04943       106       640    0.8575         1    0.9959    0.9658  0.007544   0.01735  0.000858
   400/499     4.53G   0.01246   0.03347  0.002744   0.04867        81       640     0.857         1    0.9959    0.9308  0.007423   0.01701 0.0008401
   401/499     4.53G   0.01135   0.02893    0.0021   0.04238        68       640    0.8558         1    0.9959    0.9359  0.007577     0.017 0.0008214
   402/499     4.53G   0.01176   0.03509  0.002722   0.04957       137       640    0.8552         1    0.9959    0.9671  0.006876   0.01684 0.0008121
   403/499     4.53G   0.01203   0.03373  0.002624   0.04839        97       640    0.8549         1    0.9959    0.9692  0.007991   0.01775 0.0008118
   404/499     4.53G   0.01241   0.03361  0.002657   0.04868        61       640    0.8544         1    0.9959    0.9581  0.007336   0.01684 0.0008071
   405/499     4.53G   0.01299   0.03584  0.002468    0.0513       103       640    0.8541         1    0.9959    0.9702  0.007197    0.0168 0.0008044
   406/499     4.53G   0.01181   0.03267  0.002226   0.04671        93       640    0.8542         1    0.9959    0.9738  0.006904   0.01649 0.0007963
   407/499     4.53G   0.01242   0.03454  0.003209   0.05017        96       640    0.8542         1    0.9959    0.9392  0.007398   0.01689 0.0007957
   408/499     4.53G   0.01447   0.03784  0.002606   0.05491       119       640    0.8544         1    0.9959     0.968  0.007873    0.0173 0.0007881
   409/499     4.53G    0.0143   0.03677  0.002496   0.05357       123       640    0.8549         1    0.9959    0.9429  0.006895   0.01663 0.0007882
   410/499     4.53G   0.01133   0.03266  0.002143   0.04614        70       640    0.8552         1    0.9959    0.9417  0.007244   0.01684 0.0007953
   411/499     4.53G   0.01139   0.03216  0.002133   0.04569        59       640    0.8552         1    0.9959    0.9697  0.007267   0.01699 0.0007998
   412/499     4.53G   0.01238   0.03401  0.002111   0.04849       117       640    0.8556         1    0.9959    0.9404  0.007272   0.01675 0.0008075
   413/499     4.53G   0.01192   0.03449  0.002316   0.04872       121       640    0.8551         1    0.9959    0.9487  0.007153   0.01684 0.0008227
   414/499     4.53G   0.01091    0.0329  0.001963   0.04576        91       640    0.8523         1    0.9959    0.9489  0.006666   0.01691 0.0008314
   415/499     4.53G    0.0106   0.03177  0.002446   0.04482        63       640    0.8542         1     0.996    0.9732  0.007042    0.0177 0.0008296
   416/499     4.53G   0.01096   0.02943  0.002632   0.04302        63       640    0.8549         1    0.9959    0.9497  0.007367   0.01796 0.0008184
   417/499     4.53G   0.01138   0.03292   0.00214   0.04644        93       640    0.8547         1    0.9959    0.9706  0.006994   0.01727 0.0008163
   418/499     4.53G   0.01135   0.03703  0.002815    0.0512       128       640    0.8548         1     0.996    0.9721  0.006581   0.01661 0.0008166
   419/499     4.53G   0.01044    0.0343   0.00247   0.04721        93       640    0.8547         1    0.9959    0.9343  0.007498    0.0174  0.000817
   420/499     4.53G   0.01176   0.03483   0.00205   0.04865        86       640    0.8546         1    0.9959    0.9767  0.007418   0.01712 0.0008062
   421/499     4.53G   0.01398    0.0396  0.002687   0.05626       114       640    0.8546         1     0.996    0.9414  0.006884   0.01636  0.000802
   422/499     4.53G   0.01141   0.03136  0.002778   0.04554        91       640    0.8548         1    0.9959    0.9681  0.006509   0.01585 0.0007957
   423/499     4.53G   0.01074    0.0315  0.002898   0.04514        92       640    0.8548         1    0.9959    0.9729  0.007023    0.0163 0.0007912
   424/499     4.53G   0.01119   0.03125   0.00241   0.04485        72       640    0.8552         1    0.9959    0.9703  0.006912   0.01646 0.0007831
   425/499     4.53G    0.0108   0.03424  0.002392   0.04743       116       640    0.8555         1    0.9959    0.9666   0.00699   0.01701 0.0007746
   426/499     4.53G   0.01016    0.0322  0.002863   0.04523       121       640    0.8552         1    0.9959    0.9671  0.006665   0.01644 0.0007666
   427/499     4.53G    0.0107   0.03046  0.003028   0.04419        77       640     0.855         1    0.9959    0.9582  0.007037   0.01685 0.0007571
   428/499     4.53G   0.01128    0.0326  0.001898   0.04578        49       640    0.8543         1    0.9959    0.9412  0.007088   0.01675  0.000737
   429/499     4.53G   0.01145    0.0316  0.002156   0.04521       110       640    0.8542         1    0.9959    0.9269  0.007669   0.01746 0.0007237
   430/499     4.53G   0.01177   0.03488  0.002187   0.04884        88       640    0.8544         1    0.9959    0.9454  0.006922    0.0168 0.0007185
   431/499     4.53G   0.01152   0.03523  0.002221   0.04897       150       640    0.8545         1    0.9959    0.9742  0.006768   0.01663 0.0007122
   432/499     4.53G   0.01118   0.03365  0.001815   0.04665       129       640    0.8547         1    0.9959    0.9291  0.007725   0.01728 0.0007076
   433/499     4.53G   0.01139   0.03133  0.002206   0.04493        80       640    0.8549         1    0.9959    0.9404  0.006907   0.01664 0.0007071
   434/499     4.53G   0.01134   0.02993  0.003425    0.0447        60       640    0.8551         1    0.9959    0.9712  0.006419    0.0164 0.0007067
   435/499     4.53G   0.01063   0.03264   0.00196   0.04524       114       640    0.8551         1    0.9959    0.9714  0.006735   0.01691 0.0007072
   436/499     4.53G   0.01114   0.03165  0.001772   0.04455       104       640    0.8548         1    0.9959    0.9696    0.0072   0.01723 0.0007069
   437/499     4.53G    0.0112   0.03407  0.002094   0.04737        98       640    0.8548         1     0.996    0.9777  0.006496   0.01654 0.0007029
   438/499     4.53G   0.01002   0.02813  0.001864   0.04001        98       640    0.8547         1     0.996    0.9763   0.00658   0.01633 0.0006993
   439/499     4.53G   0.01064   0.03076  0.002805    0.0442        60       640    0.8548         1    0.9959    0.9733  0.006404   0.01621  0.000697
   440/499     4.53G   0.01036   0.02897  0.002068   0.04141        83       640    0.8552         1    0.9959    0.9748  0.006827   0.01643 0.0006903
   441/499     4.53G   0.01118   0.03506  0.002172    0.0484        91       640    0.8556         1    0.9959     0.962  0.007051   0.01618 0.0006854
   442/499     4.53G   0.01094   0.03224  0.002221   0.04539       118       640    0.8557         1    0.9959    0.9674  0.006687    0.0159 0.0006807
   443/499     4.53G   0.01169    0.0316  0.002219    0.0455        84       640     0.856         1    0.9959    0.9703  0.006945   0.01628 0.0006772
   444/499     4.53G   0.01242   0.03364  0.002225   0.04829       133       640    0.8561         1    0.9959    0.9752  0.007281   0.01674 0.0006595
   445/499     4.53G   0.01226   0.03463  0.002182   0.04907       124       640    0.8564         1    0.9959    0.9616  0.007095   0.01664 0.0006451
   446/499     4.53G   0.01107   0.03071  0.002112   0.04389        67       640    0.8562         1    0.9959    0.9686  0.006675   0.01616 0.0006371
   447/499     4.53G   0.01112   0.03108  0.001939   0.04413        88       640    0.8563         1    0.9959    0.9745  0.006952   0.01634 0.0006345
   448/499     4.53G   0.01227   0.03689  0.002183   0.05135       119       640    0.8562         1     0.996    0.9696  0.007248   0.01675 0.0006357
   449/499     4.53G   0.01205   0.03735  0.002092   0.05149       121       640    0.8561         1    0.9959    0.9753  0.006769   0.01603 0.0006453
   450/499     4.53G   0.01067    0.0307  0.001929    0.0433        94       640    0.8562         1    0.9959     0.974  0.006596   0.01591 0.0006495
   451/499     4.53G  0.009855   0.02807  0.001911   0.03984        82       640    0.8561         1     0.996    0.9806  0.006725   0.01595 0.0006503
   452/499     4.53G   0.01128   0.03528  0.002237   0.04879        80       640    0.8563         1     0.996    0.9728   0.00689   0.01633 0.0006522
   453/499     4.53G   0.01036   0.02946  0.001904   0.04172        97       640    0.8562         1     0.996    0.9757  0.006804   0.01596 0.0006549
   454/499     4.53G   0.01088   0.03428  0.001897   0.04706       147       640    0.8562         1    0.9959    0.9735  0.006404   0.01545 0.0006554
   455/499     4.53G  0.009436   0.03152  0.001709   0.04267       115       640     0.856         1     0.996    0.9748  0.006651   0.01569 0.0006545
   456/499     4.53G   0.01032   0.03248  0.002132   0.04493        84       640    0.8559         1     0.996    0.9789   0.00653   0.01584  0.000657
   457/499     4.53G   0.01015   0.02801  0.003624   0.04178        67       640    0.8553         1     0.996    0.9478  0.006774   0.01589 0.0006531
   458/499     4.53G   0.01038   0.02962  0.002086   0.04208        60       640     0.855         1     0.996    0.9503  0.006494   0.01589 0.0006516
   459/499     4.53G   0.00981   0.03222  0.002026   0.04406        86       640     0.855         1     0.996    0.9771   0.00658   0.01584 0.0006484
   460/499     4.53G   0.01015   0.03157   0.00215   0.04387       116       640    0.8552         1     0.996    0.9476  0.006749   0.01608 0.0006444
   461/499     4.53G   0.01057   0.02836  0.002119   0.04105        62       640    0.8554         1     0.996    0.9739  0.006567   0.01613 0.0006417
   462/499     4.53G   0.01009   0.03385  0.001964    0.0459       152       640    0.8554         1    0.9959    0.9405  0.006752   0.01632 0.0006422
   463/499     4.53G     0.011   0.03112  0.002461   0.04459        68       640    0.8555         1    0.9959     0.972  0.007023   0.01669 0.0006378
   464/499     4.53G   0.01224    0.0339  0.001704   0.04785        65       640    0.8565         1    0.9959    0.9477  0.006738    0.0166 0.0006419
   465/499     4.53G   0.01214   0.03566  0.002647   0.05045        97       640    0.8568         1    0.9959    0.9523  0.006577   0.01638 0.0006458
   466/499     4.53G   0.01171    0.0346  0.002377   0.04869       174       640    0.8567         1    0.9959    0.9794  0.006363   0.01583 0.0006541
   467/499     4.53G   0.01121   0.03261  0.002547   0.04637        65       640    0.8563         1    0.9959    0.9749  0.006574   0.01615 0.0006574
   468/499     4.53G   0.01188   0.03325  0.002555   0.04768        78       640    0.8564         1     0.996    0.9798  0.006603   0.01603 0.0006486
   469/499     4.53G   0.01094    0.0304  0.002294   0.04363        94       640    0.8568         1     0.996    0.9801  0.006456   0.01598 0.0006428
   470/499     4.53G   0.01048   0.03242  0.002278   0.04518        98       640    0.8572         1     0.996    0.9764  0.006635   0.01622 0.0006385
   471/499     4.53G   0.01117   0.03205  0.001993   0.04522       113       640    0.8569         1     0.996    0.9807   0.00661   0.01607 0.0006375
   472/499     4.53G    0.0119   0.03628  0.001981   0.05017        86       640    0.8573         1    0.9959     0.977  0.006391   0.01626 0.0006404
   473/499     4.53G   0.01149   0.03443  0.002755   0.04868       146       640    0.8568         1    0.9959    0.9779  0.006478   0.01638 0.0006356
   474/499     4.53G   0.01122   0.03732  0.002207   0.05075       179       640    0.8565         1    0.9959    0.9774  0.006293   0.01623 0.0006258
   475/499     4.53G   0.01084   0.03252  0.002267   0.04563       101       640    0.8563         1    0.9959    0.9764  0.006464   0.01634 0.0006202
   476/499     4.53G   0.01012   0.03029  0.001727   0.04214        90       640    0.8559         1    0.9959    0.9801  0.006431   0.01618 0.0006115
   477/499     4.53G   0.01092   0.03429    0.0025   0.04772       128       640    0.8559         1    0.9959    0.9489  0.006409   0.01593 0.0006031
   478/499     4.53G   0.01059   0.03054  0.002014   0.04315        42       640    0.8559         1    0.9959     0.951  0.006227   0.01566 0.0005951
   479/499     4.53G   0.01043   0.03286  0.001952   0.04524        91       640     0.856         1    0.9959    0.9564  0.006594   0.01602 0.0005922
   480/499     4.53G   0.01169   0.03554  0.002116   0.04935        94       640    0.8561         1    0.9959    0.9824  0.006732   0.01614 0.0005906
   481/499     4.53G   0.01201   0.03488  0.002171   0.04905       118       640    0.8563         1    0.9959    0.9755  0.006635   0.01592 0.0005937
   482/499     4.53G   0.01089   0.03261  0.002164   0.04566       127       640    0.8562         1    0.9959    0.9664  0.006338   0.01557 0.0005903
   483/499     4.53G   0.01017   0.02776  0.001991   0.03992        79       640    0.8564         1    0.9959    0.9714  0.006836   0.01602 0.0005849
   484/499     4.53G   0.01143   0.03195  0.001993   0.04538        92       640    0.8569         1    0.9959    0.9659  0.006674   0.01602 0.0005789
   485/499     4.53G   0.01205   0.03545  0.001916   0.04942       174       640    0.8573         1    0.9959    0.9734  0.007037   0.01619 0.0005799
   486/499     4.53G   0.01011   0.02804  0.002026   0.04018       108       640    0.8569         1    0.9959    0.9683  0.006427   0.01538 0.0005888
   487/499     4.53G   0.01001   0.02772   0.00233   0.04006        59       640    0.8557         1    0.9959    0.9755  0.006703    0.0157 0.0006003
   488/499     4.53G   0.01101   0.02988  0.002093   0.04298        57       640    0.8521         1    0.9959    0.9661  0.006642   0.01568 0.0006529
   489/499     4.53G   0.01157   0.03592  0.002193   0.04968       105       640    0.8522         1    0.9959    0.9762  0.006586   0.01568 0.0006878
   490/499     4.53G   0.01106   0.03201  0.002343   0.04541       107       640    0.8482         1    0.9959    0.9451  0.006522   0.01587 0.0007167
   491/499     4.53G   0.01059   0.02619  0.001888   0.03867        53       640    0.8474         1    0.9959    0.9738  0.006449   0.01592 0.0007026
   492/499     4.53G   0.01116   0.02965  0.002179   0.04299       119       640     0.852         1    0.9959    0.9721   0.00666   0.01649 0.0006615
   493/499     4.53G   0.01129    0.0352  0.002108   0.04859       129       640    0.8536         1    0.9959    0.9736  0.006542   0.01626 0.0006412
   494/499     4.53G   0.01094   0.03214  0.002484   0.04555       107       640    0.8574         1    0.9959    0.9713  0.006302   0.01567 0.0006195
   495/499     4.53G  0.009366   0.02881  0.002187   0.04036       129       640    0.8572         1    0.9959    0.9732  0.006478   0.01572  0.000612
   496/499     4.53G  0.009887    0.0321   0.00201     0.044       128       640     0.857         1    0.9959    0.9776  0.006653   0.01589 0.0005999
   497/499     4.53G   0.01053   0.03108  0.001987   0.04359        97       640    0.8571         1    0.9959    0.9523  0.006392   0.01552 0.0005926
   498/499     4.53G  0.009705   0.03084  0.002119   0.04266        82       640    0.8566         1    0.9959    0.9488   0.00627   0.01523 0.0005947
   499/499     4.53G   0.00976   0.02839  0.001929   0.04008        68       640    0.8568         1    0.9959    0.9541  0.006332   0.01537 0.0005925
