      0/99     4.52G      0.12    0.1052    0.0571    0.2823        78       640         0         0         0         0    0.1262   0.06582   0.05575
      1/99     4.53G     0.117    0.1125   0.05601    0.2855        81       640         0         0  0.003247 0.0005291    0.1204   0.07019   0.05412
      2/99     4.53G    0.1131    0.1117   0.05514      0.28        79       640         0         0  0.005562 0.0008623    0.1106   0.07849   0.05229
      3/99     4.53G    0.1078    0.1211   0.05347    0.2824        55       640         0         0   0.01675  0.003957   0.09958   0.08636    0.0508
      4/99     4.53G    0.1026    0.1276   0.05267    0.2829        91       640         0         0   0.05118   0.01035    0.0915   0.08891    0.0495
      5/99     4.53G       0.1    0.1317   0.05156    0.2832       115       640    0.1159   0.03431   0.09897   0.02597   0.08639   0.08594   0.04814
      6/99     4.53G    0.0951    0.1256   0.05069    0.2713        85       640   0.09176    0.1881    0.1456   0.03685   0.08127   0.08099    0.0468
      7/99     4.53G   0.09298    0.1163   0.04984    0.2591        96       640   0.07936    0.4575    0.1561   0.04961   0.07618   0.07795   0.04463
      8/99     4.53G   0.08853    0.1185   0.04929    0.2564       188       640   0.07107     0.913    0.1898   0.06383   0.07106   0.07492   0.04232
      9/99     4.53G    0.0817    0.1008   0.04681    0.2294        61       640    0.0471    0.9951     0.204   0.07062   0.06542   0.07447   0.03995
     10/99     4.53G   0.07803    0.1073    0.0446    0.2299       124       640   0.04058         1    0.1919   0.06294   0.06113   0.07373   0.03797
     11/99     4.53G   0.07052   0.09312   0.04364    0.2073       107       640   0.04261    0.9951    0.2306   0.07373   0.05613   0.06796    0.0365
     12/99     4.53G   0.06523    0.0828   0.04214    0.1902        68       640   0.05129         1    0.2386   0.08542   0.05259   0.06231   0.03544
     13/99     4.53G   0.06332   0.08524   0.04094    0.1895        87       640   0.05697         1    0.2825    0.1061   0.05396   0.06121   0.03495
     14/99     4.53G    0.0611   0.08118   0.04226    0.1845        64       640   0.06448         1    0.3107    0.1291   0.04689   0.05399   0.03508
     15/99     4.53G   0.05772    0.0815    0.0401    0.1793        46       640   0.07376         1    0.3543    0.1501   0.04533    0.0533    0.0354
     16/99     4.53G   0.05833   0.09377   0.03996    0.1921       137       640   0.07351         1    0.3444    0.1443   0.04246   0.05045   0.03565
     17/99     4.53G   0.05378   0.08261   0.03982    0.1762        86       640   0.09573         1    0.3677    0.1825   0.03862   0.04698   0.03552
     18/99     4.53G   0.05044   0.08285   0.03915    0.1724        88       640    0.1066         1    0.3833    0.2044   0.03567   0.04483   0.03505
     19/99     4.53G    0.0519    0.0765   0.03895    0.1673       122       640     0.117         1    0.3951    0.2322   0.03535    0.0443   0.03484
     20/99     4.53G   0.05262   0.09241    0.0386    0.1836       179       640   0.05209         1    0.2666   0.06955   0.06025   0.05264   0.03515
     21/99     4.53G   0.05375   0.07591   0.03754    0.1672        81       640    0.0999         1    0.3811    0.1876   0.04606   0.04645   0.03453
     22/99     4.53G   0.05196   0.07814   0.03786     0.168        96       640   0.05871         1    0.3662    0.1809   0.05366   0.04585   0.03405
     23/99     4.53G   0.05052   0.07526   0.03758    0.1634       126       640   0.08642         1    0.4679    0.2474   0.03962   0.04353   0.03381
     24/99     4.53G   0.06683    0.0829   0.03689    0.1866       120       640   0.07535      0.75    0.4585    0.1267   0.06888   0.04596   0.03498
     25/99     4.53G   0.07241   0.07646   0.03651    0.1854       114       640   0.05753      0.75    0.3367   0.08369   0.06775   0.04597   0.03471
     26/99     4.53G   0.06654   0.07415   0.03668    0.1774        45       640   0.08626         1    0.4662    0.2299    0.0466   0.04694   0.03405
     27/99     4.53G   0.06346   0.07665   0.03733    0.1774        93       640   0.04838         1    0.3119    0.1026   0.06322   0.04669   0.03367
     28/99     4.53G   0.06039   0.06589   0.03697    0.1632        59       640   0.07851      0.75    0.3265    0.1081    0.0518   0.04613   0.03322
     29/99     4.53G   0.06281   0.06775   0.03741     0.168        67       640   0.06013         1    0.2572   0.06833    0.0598   0.04707   0.03185
     30/99     4.53G   0.05688      0.08   0.03568    0.1726       122       640   0.07336         1    0.4622    0.2061   0.04893   0.04503   0.03138
     31/99     4.53G    0.0635   0.07879    0.0342    0.1765        80       640   0.06035         1    0.4126    0.1245   0.06018   0.04496   0.03171
     32/99     4.53G   0.06142   0.08333     0.034    0.1787       110       640   0.07718         1    0.5113    0.2609   0.04435   0.04284   0.03138
     33/99     4.53G   0.06064   0.07934   0.03364    0.1736       127       640   0.06197         1    0.4362    0.1521   0.05687   0.04414   0.03108
     34/99     4.53G   0.05967   0.07402   0.03291    0.1666       103       640    0.0984         1    0.4921    0.2402    0.0489   0.04222   0.02984
     35/99     4.53G   0.05758   0.06919   0.03321      0.16        53       640   0.06863      0.75    0.4923     0.202   0.05409   0.04427   0.02906
     36/99     4.53G   0.05783   0.07033   0.03251    0.1607        95       640     0.141         1    0.5341     0.292   0.03872   0.04263   0.02857
     37/99     4.53G   0.05457   0.07301   0.03197    0.1596       109       640   0.07095         1    0.4522    0.1764   0.04767   0.04266   0.02774
     38/99     4.53G   0.05406   0.06553    0.0324     0.152        82       640    0.1052         1    0.4909    0.2589   0.04339   0.04325   0.02731
     39/99     4.53G   0.05489   0.06829   0.03106    0.1542        86       640   0.07239         1     0.429    0.1928   0.05074   0.04392   0.02686
     40/99     4.53G   0.05698   0.07575   0.03073    0.1635        99       640     0.169         1    0.5645    0.2832   0.03657   0.04161   0.02673
     41/99     4.53G   0.05102   0.06599   0.02988    0.1469        82       640    0.1191         1    0.5088    0.2293   0.04565   0.04196   0.02577
     42/99     4.53G   0.05175   0.07459   0.02905    0.1554       126       640    0.1867         1    0.5429    0.3331   0.03385   0.03948   0.02529
     43/99     4.53G   0.05194   0.07449   0.03053     0.157        72       640    0.1118         1    0.5422    0.3543   0.04281   0.04085   0.02553
     44/99     4.53G   0.05011   0.07834   0.02867    0.1571       125       640    0.1842         1    0.5842    0.3432   0.03391   0.03794   0.02549
     45/99     4.53G   0.05299    0.0646   0.02824    0.1458        67       640    0.1054         1    0.4816     0.217   0.05199   0.04199   0.02513
     46/99     4.53G   0.04917   0.06698    0.0304    0.1466       102       640    0.2464         1    0.6284    0.3729   0.02791   0.03854    0.0248
     47/99     4.53G   0.04741   0.06965   0.02946    0.1465        90       640    0.1542         1    0.7257    0.3672   0.03893   0.03872   0.02466
     48/99     4.53G   0.04863    0.0664   0.02897     0.144        94       640    0.3169         1    0.7972    0.5893   0.02417   0.03554   0.02482
     49/99     4.53G   0.04615   0.07299   0.02762    0.1468       117       640     0.135         1    0.7244    0.3362   0.05184   0.04326   0.02462
     50/99     4.53G    0.0495   0.06594   0.02912    0.1446        85       640    0.2518         1     0.802    0.5559   0.02772   0.03733   0.02436
     51/99     4.53G   0.04535   0.06975   0.02844    0.1435        92       640    0.1925         1    0.6347    0.3577   0.03808   0.03873   0.02464
     52/99     4.53G    0.0462   0.06585   0.02862    0.1407        58       640    0.1783         1    0.6058    0.2393   0.04054   0.03866   0.02512
     53/99     4.53G   0.04673   0.06786   0.02711    0.1417       133       640    0.1856         1    0.7461    0.3653    0.0372   0.03723   0.02439
     54/99     4.53G    0.0421    0.0716   0.02751    0.1412        96       640    0.3176         1    0.8196    0.5481   0.02684   0.03456   0.02384
     55/99     4.53G   0.04598   0.07081   0.02799    0.1448        91       640    0.2385         1     0.797    0.5756   0.03339   0.03846   0.02411
     56/99     4.53G   0.04227   0.06149   0.02638    0.1301        81       640    0.2188         1    0.7974    0.4268   0.03246   0.03618   0.02357
     57/99     4.53G   0.04535   0.06721   0.02541     0.138       102       640    0.2713         1    0.7958    0.5447   0.03162   0.03648   0.02354
     58/99     4.53G   0.04006   0.05632   0.02735    0.1237        95       640    0.2817         1    0.7898    0.4081   0.03907   0.03793   0.02332
     59/99     4.53G   0.04438    0.0574   0.02744    0.1292        51       640     0.294         1    0.7507    0.5162   0.03087   0.03543   0.02359
     60/99     4.53G   0.03957   0.06029   0.02696    0.1268       100       640     0.369         1    0.7926    0.4954   0.02631   0.03365   0.02376
     61/99     4.53G   0.04348   0.06608    0.0277    0.1373       138       640    0.2477         1    0.7603    0.3722   0.03336   0.03592   0.02396
     62/99     4.53G   0.03697   0.06292   0.02745    0.1273        80       640    0.2631         1    0.7876    0.5568   0.02704   0.03479    0.0238
     63/99     4.53G   0.04063   0.06258   0.02526    0.1285       100       640    0.3068         1    0.7745    0.4987   0.02864   0.03524   0.02367
     64/99     4.53G   0.03561   0.06345    0.0251    0.1242       102       640    0.3289         1    0.7712    0.4273   0.02637   0.03223   0.02327
     65/99     4.53G   0.04109   0.06023   0.02791    0.1292        83       640    0.2261         1     0.755    0.5657   0.03226   0.03614   0.02331
     66/99     4.53G   0.03626   0.06374   0.02489    0.1249       131       640    0.3552         1    0.7684    0.5383   0.02368   0.03276   0.02331
     67/99     4.53G   0.03596   0.05577    0.0267    0.1184        48       640    0.2723         1    0.8009     0.577   0.02695   0.03461   0.02366
     68/99     4.53G   0.03681   0.06077   0.02463    0.1222        59       640    0.4078         1     0.791     0.642   0.02094   0.03132   0.02348
     69/99     4.53G   0.03816   0.06166   0.02527    0.1251       138       640       0.4         1    0.7828     0.521   0.02646   0.03361   0.02317
     70/99     4.53G   0.03405   0.06912   0.02476    0.1279       154       640    0.4424         1    0.7839    0.6282   0.02096   0.03099   0.02248
     71/99     4.53G   0.03648   0.06954   0.02542    0.1314       151       640    0.4403         1    0.7938    0.6058   0.02123   0.03124   0.02274
     72/99     4.53G   0.02945   0.05976   0.02498    0.1142       113       640    0.2155         1    0.7405     0.388   0.03887   0.04011   0.02261
     73/99     4.53G    0.0501   0.07463   0.02587    0.1506       130       640     0.256         1    0.7553    0.3845   0.03404   0.03687   0.02331
     74/99     4.53G    0.0372   0.06541   0.02423    0.1268       113       640      0.36         1    0.7543    0.3685   0.02939   0.03478   0.02327
     75/99     4.53G     0.036   0.06009   0.02414    0.1202       113       640    0.2514         1    0.7811    0.4351   0.02814   0.03482   0.02347
     76/99     4.53G   0.03877   0.06562   0.02405    0.1284        97       640    0.2533         1    0.7645    0.5709    0.0303   0.03607   0.02327
     77/99     4.53G   0.03771   0.06255   0.02558    0.1258        90       640    0.2075         1    0.7457    0.3716   0.03717    0.0377   0.02304
     78/99     4.53G   0.04807   0.06935   0.02402    0.1414        86       640    0.4095         1    0.8177    0.6602   0.02114   0.03278   0.02315
     79/99     4.53G   0.03822   0.06916   0.02436    0.1317        48       640    0.2991         1    0.7691     0.419   0.03036   0.03434   0.02303
     80/99     4.53G   0.03781   0.06213   0.02501    0.1249        85       640    0.3393         1    0.7879    0.5201   0.02963   0.03543   0.02309
     81/99     4.53G   0.03897   0.06472   0.02395    0.1276       131       640    0.3741         1    0.7652    0.4985   0.02592   0.03316   0.02296
     82/99     4.53G   0.03767   0.05654   0.02417    0.1184        80       640    0.3101         1    0.7638    0.4476   0.02755   0.03406   0.02282
     83/99     4.53G   0.03743   0.06232   0.02294    0.1227        90       640     0.223         1    0.7369    0.5068   0.03302   0.03572   0.02255
     84/99     4.53G   0.04116   0.06376   0.02416    0.1291        64       640    0.4769         1    0.7974    0.5733   0.02055   0.03161   0.02257
     85/99     4.53G   0.03546    0.0678    0.0242    0.1275       128       640    0.3657         1    0.7873     0.528   0.02262   0.03181   0.02251
     86/99     4.53G    0.0332   0.05991   0.02465    0.1178        86       640    0.4579         1    0.7917    0.6004   0.02588   0.03251   0.02242
     87/99     4.53G    0.0366   0.06116   0.02392    0.1217       109       640    0.4589         1    0.8092    0.5007   0.02551   0.03222    0.0227
     88/99     4.53G   0.03652   0.06109   0.02322    0.1208        83       640    0.3127         1    0.7836    0.4597   0.02675   0.03229   0.02302
     89/99     4.53G     0.034   0.06019   0.02343    0.1176        99       640    0.2774         1    0.7849    0.5344   0.02859   0.03383   0.02295
     90/99     4.53G   0.03798    0.0647   0.02398    0.1267       130       640    0.4651         1    0.8262     0.653   0.02027   0.03085   0.02285
     91/99     4.53G   0.03215   0.05895   0.02282    0.1139        93       640    0.3385         1    0.7822     0.606   0.02609   0.03352   0.02249
     92/99     4.53G   0.03642   0.06274   0.02283     0.122        84       640    0.2498         1    0.7697    0.4962    0.0321   0.03549    0.0223
     93/99     4.53G   0.03514   0.06366   0.02301    0.1218        86       640    0.4225         1    0.7964    0.5235   0.02112     0.031   0.02222
     94/99     4.53G   0.03241    0.0662   0.02546    0.1241        69       640    0.4028         1    0.7697    0.6001   0.02333    0.0319   0.02203
     95/99     4.53G   0.03283   0.05677   0.02296    0.1126        62       640    0.3302         1    0.7756    0.4801   0.02906   0.03332   0.02199
     96/99     4.53G   0.03638   0.06138   0.02179    0.1196       126       640     0.466         1    0.8346    0.5657   0.02018   0.02843   0.02204
     97/99     4.53G   0.03268   0.06013   0.02197    0.1148        78       640    0.4781         1    0.8339    0.5912   0.02304   0.03089   0.02195
     98/99     4.53G   0.03109   0.05906   0.02237    0.1125        40       640    0.4333         1    0.8128    0.6421   0.02524   0.03317    0.0218
     99/99     4.53G   0.03053   0.05842   0.02302     0.112        79       640    0.4304         1    0.7971    0.5827    0.0196   0.02976   0.02176
