     0/249     5.15G    0.1239    0.1065   0.05642    0.2868       248       640         0         0  0.002351 0.0003987    0.1296    0.0695   0.06046
     1/249     5.12G     0.124    0.1238   0.05621     0.304       326       640         0         0  0.003016 0.0005596    0.1288   0.07024   0.06003
     2/249     5.12G    0.1235    0.1129   0.05626    0.2927       262       640         0         0  0.002537 0.0006018    0.1278   0.07137   0.05958
     3/249     5.12G    0.1208    0.1017   0.05651     0.279       170       640         0         0  0.004562 0.0009379    0.1265   0.07284   0.05903
     4/249     5.12G    0.1204    0.1045   0.05604     0.281       219       640         0         0  0.004466 0.0009472    0.1249   0.07492   0.05842
     5/249     5.12G    0.1207    0.1329   0.05507    0.3087       339       640         0         0  0.003859  0.001068    0.1232   0.07713   0.05786
     6/249     5.12G    0.1198    0.1278   0.05543    0.3031       225       640         0         0  0.004681  0.001081    0.1213   0.07977   0.05733
     7/249     5.12G    0.1173    0.1083   0.05523    0.2808       225       640         0         0  0.004767  0.001119    0.1191   0.08271   0.05675
     8/249     5.12G    0.1185    0.1233   0.05455    0.2963       273       640         0         0  0.005454  0.001117     0.117   0.08551   0.05624
     9/249     5.12G     0.116    0.1254   0.05402    0.2955       310       640         0         0   0.01145  0.002022    0.1146   0.08869   0.05574
    10/249     5.12G    0.1146    0.1201    0.0534    0.2881       232       640         0         0   0.01452  0.002585    0.1122   0.09181   0.05527
    11/249     5.12G    0.1131    0.1207   0.05331    0.2872       217       640         0         0   0.01826  0.003846    0.1098   0.09459   0.05478
    12/249     5.12G    0.1142    0.1343   0.05285    0.3014       295       640         0         0   0.02012  0.004741    0.1076   0.09695   0.05422
    13/249     5.12G    0.1131    0.1473   0.05232    0.3127       280       640         0         0    0.0242  0.005878    0.1055   0.09861   0.05375
    14/249     5.12G    0.1075    0.1148   0.05243    0.2747       167       640         0         0   0.03164  0.006492    0.1034    0.1002   0.05317
    15/249     5.12G    0.1066    0.1205   0.05176    0.2789       236       640         0         0   0.04605  0.009946    0.1011    0.1016   0.05263
    16/249     5.12G     0.105    0.1092   0.05111    0.2652       193       640         0         0   0.05636    0.0136   0.09899    0.1024   0.05206
    17/249     5.12G    0.1032    0.1214   0.05189    0.2765       218       640    0.1515  0.008518   0.07081   0.01716   0.09688    0.1027   0.05152
    18/249     5.12G    0.1069    0.1398   0.05069    0.2974       329       640   0.05072   0.01203   0.07744    0.0184   0.09505     0.102    0.0511
    19/249     5.12G     0.105     0.127   0.05026    0.2823       262       640   0.05964   0.02083   0.07682   0.01878   0.09365    0.1006   0.05077
    20/249     5.12G    0.1032    0.1249   0.05029    0.2784       239       640    0.0817   0.07812   0.08872   0.02197   0.09213   0.09902    0.0502
    21/249     5.12G    0.1037    0.1203   0.05051    0.2745       257       640   0.06406    0.1131   0.08635   0.02348   0.09082   0.09771    0.0496
    22/249     5.12G    0.1012    0.1107   0.05015     0.262       271       640    0.0585     0.151   0.09885   0.02666   0.08982   0.09687   0.04894
    23/249     5.12G   0.09925    0.1145    0.0496    0.2633       212       640   0.04942    0.1617    0.1067   0.02358   0.08851   0.09564   0.04832
    24/249     5.12G   0.09959    0.1265    0.0487    0.2748       321       640   0.08868    0.2463    0.1335   0.03083    0.0872   0.09449   0.04793
    25/249     5.12G   0.09626    0.1023   0.04855    0.2471       224       640   0.08392     0.276    0.1302   0.02764    0.0857   0.09352   0.04711
    26/249     5.12G   0.09669     0.104   0.04852    0.2492       270       640   0.04748    0.2853    0.1241   0.02901   0.08314   0.09333   0.04594
    27/249     5.12G   0.09402    0.1021   0.04734    0.2435       221       640   0.04398    0.3061    0.1257   0.03673   0.08038   0.09317   0.04502
    28/249     5.12G   0.09198   0.09282   0.04615    0.2309       160       640    0.0617     0.424    0.1353   0.04123   0.07828   0.09264   0.04405
    29/249     5.12G   0.09161     0.108   0.04613    0.2457       274       640   0.05858    0.4569     0.146   0.04373   0.07583    0.0921   0.04307
    30/249     5.12G   0.09077   0.09606   0.04626    0.2331       283       640   0.04794    0.4569    0.1544   0.04782   0.07361   0.09138   0.04221
    31/249     5.12G   0.08406   0.09579   0.04452    0.2244       224       640   0.05478    0.5304    0.1475   0.03999   0.07261    0.0896   0.04116
    32/249     5.12G   0.08429    0.1001   0.04515    0.2295       218       640   0.06141     0.624    0.1366   0.03583   0.07185   0.08683   0.04043
    33/249     5.12G   0.08359    0.1016   0.04409    0.2293       254       640   0.05529    0.5856     0.131   0.03781   0.07163   0.08392   0.04003
    34/249     5.12G   0.08416   0.09142   0.04332    0.2189       234       640   0.05013     0.624    0.1299   0.03885   0.07081   0.08246   0.03943
    35/249     5.12G   0.08333    0.1069   0.04383    0.2341       317       640   0.04836    0.6688     0.138    0.0416   0.06876   0.08294   0.03855
    36/249     5.12G   0.07845   0.09187   0.04209    0.2124       202       640   0.04294    0.6746    0.1491    0.0434   0.06654   0.08414   0.03787
    37/249     5.12G   0.08071    0.1071   0.04265    0.2305       277       640   0.03775    0.7183    0.1461   0.04632   0.06497   0.08418   0.03744
    38/249     5.12G     0.078    0.1052    0.0413    0.2245       296       640   0.04252    0.8683    0.1776   0.05684   0.06356   0.08483   0.03706
    39/249     5.12G   0.07679     0.101    0.0413     0.219       273       640   0.04125    0.8683     0.186   0.05212    0.0634   0.08533   0.03673
    40/249     5.12G   0.07348   0.08586   0.04077    0.2001       200       640   0.04569    0.9125    0.1769   0.04836   0.06227   0.08449   0.03622
    41/249     5.12G   0.07394   0.09985   0.04062    0.2144       244       640   0.04697    0.9125    0.1999   0.06848   0.05985   0.08167   0.03573
    42/249     5.12G   0.06684   0.07596   0.03895    0.1818       163       640   0.04654     0.875    0.1996   0.06346   0.06062    0.0823   0.03541
    43/249     5.12G   0.06851   0.08068   0.03904    0.1882       218       640   0.04877     0.875    0.2099   0.08009   0.05742   0.07805    0.0351
    44/249     5.12G   0.06454   0.07948    0.0385    0.1825       188       640    0.0517     0.875    0.2383   0.08478   0.05895   0.07808   0.03484
    45/249     5.12G   0.06825   0.09368   0.03859    0.2005       253       640   0.05119     0.875    0.2342   0.09728   0.05454   0.07479   0.03465
    46/249     5.12G   0.06304   0.08022   0.03867    0.1819       179       640   0.05435     0.875     0.267    0.1038   0.05484    0.0749    0.0344
    47/249     5.12G   0.06697    0.1011   0.03956    0.2076       318       640   0.05048    0.9375    0.2448   0.09895   0.05495   0.07651   0.03422
    48/249     5.12G   0.06585    0.1003   0.03998    0.2061       283       640   0.05476    0.9375    0.2694    0.1013   0.05145   0.07518   0.03411
    49/249     5.12G   0.06182    0.0863   0.03812    0.1862       261       640    0.0558    0.9183    0.3022    0.1206    0.0512   0.07457   0.03395
    50/249     5.12G   0.06279    0.0823   0.03876    0.1839       228       640   0.05534    0.9183    0.3195    0.1596   0.05159    0.0735   0.03381
    51/249     5.12G   0.05927   0.08051   0.03618     0.176       202       640   0.07139    0.9375    0.3216    0.1527   0.04962   0.07143   0.03369
    52/249     5.12G   0.06405   0.07988   0.03698    0.1809       191       640   0.06499    0.8558    0.3272    0.1268   0.05273   0.07048   0.03358
    53/249     5.12G   0.06102   0.07478   0.03727    0.1731       176       640   0.07677    0.9183     0.341    0.1458   0.05606   0.06996   0.03329
    54/249     5.12G   0.05807   0.07937   0.03557     0.173       235       640   0.08006    0.9375    0.3539    0.1847   0.04702   0.06497   0.03311
    55/249     5.12G   0.05584    0.0851   0.03733    0.1783       294       640   0.08253    0.9375    0.3697    0.1672   0.04527   0.06395   0.03306
    56/249     5.12G   0.05925   0.09747    0.0385    0.1952       316       640   0.07625         1    0.3641    0.1824   0.04649   0.06476   0.03303
    57/249     5.12G   0.05526   0.07933   0.03714    0.1717       190       640   0.08534         1    0.3942    0.1928   0.04764   0.06574     0.033
    58/249     5.12G   0.06003   0.08487   0.03739    0.1823       264       640   0.08176         1    0.3815     0.183   0.04728   0.06457   0.03305
    59/249     5.12G   0.06048   0.08478   0.03747    0.1827       324       640   0.07493    0.9375    0.3769    0.1657   0.05167   0.06663   0.03309
    60/249     5.12G   0.05641   0.08816   0.03646     0.181       249       640   0.09467         1     0.409    0.2308   0.04289   0.06154   0.03319
    61/249     5.12G   0.05462    0.0817   0.03764     0.174       215       640    0.1138    0.9375      0.41    0.2187   0.04095   0.06101   0.03328
    62/249     5.12G   0.05205   0.07987   0.03645    0.1684       259       640    0.1006     0.875    0.3846    0.2235   0.04076    0.0608   0.03324
    63/249     5.12G   0.05506   0.08748    0.0371    0.1796       263       640    0.1271     0.875    0.4268     0.251   0.04258   0.06195   0.03306
    64/249     5.12G   0.05801   0.07607   0.03876    0.1728       240       640    0.1266     0.875    0.4078    0.2033   0.03959   0.06082   0.03318
    65/249     5.12G   0.04907    0.0847   0.03659    0.1704       266       640    0.1109    0.8475    0.4242    0.2155   0.04054   0.05965   0.03328
    66/249     5.12G   0.05729   0.08425   0.03677    0.1783       234       640    0.1057     0.875    0.4288    0.2361   0.04293   0.06033   0.03316
    67/249     5.12G   0.05588   0.07753   0.03759     0.171       187       640    0.1034    0.9031    0.4459    0.1505    0.0506   0.06298   0.03321
    68/249     5.12G   0.05476   0.09021   0.03746    0.1824       294       640    0.1266    0.9025    0.4533    0.2336   0.04047   0.05815   0.03326
    69/249     5.12G   0.04983    0.0754   0.03611    0.1613       199       640     0.124    0.8866    0.4369    0.1942   0.04351   0.05921   0.03329
    70/249     5.12G   0.04984   0.07379   0.03601    0.1596       204       640   0.09167    0.8125    0.4317    0.1873   0.05008   0.06172   0.03325
    71/249     5.12G   0.04994   0.08935   0.03676     0.176       357       640   0.09288    0.8125    0.4261    0.1849   0.04334   0.05857   0.03333
    72/249     5.12G   0.05588   0.07749   0.03666      0.17       259       640   0.09871    0.8125    0.4138    0.1433   0.04569   0.05957   0.03336
    73/249     5.12G   0.05534   0.07752    0.0373    0.1702       271       640   0.07953      0.75    0.3696    0.1876   0.04374   0.05872   0.03355
    74/249     5.12G   0.05154   0.08113   0.03581    0.1685       241       640    0.1258    0.7618    0.4059    0.2467   0.03577    0.0567   0.03359
    75/249     5.12G   0.04729   0.07732    0.0355    0.1601       225       640   0.09348      0.75      0.42    0.2079    0.0415   0.05814   0.03338
    76/249     5.12G   0.05236   0.08728   0.03627    0.1759       284       640   0.08074      0.75    0.3944    0.2357   0.04181   0.05854   0.03337
    77/249     5.12G    0.0535   0.08841   0.03596    0.1779       287       640    0.1032      0.75    0.4308     0.227   0.04108   0.05849   0.03339
    78/249     5.12G   0.04712   0.07859   0.03581    0.1615       293       640   0.07129      0.75    0.4152    0.1787   0.04618   0.05924   0.03319
    79/249     5.12G   0.05929   0.08642   0.03536    0.1811       241       640   0.09779      0.75    0.4221    0.2322   0.03774   0.05514   0.03333
    80/249     5.12G   0.05646   0.08291   0.03597    0.1753       217       640    0.1266    0.7868    0.4321    0.2451    0.0424   0.05678   0.03331
    81/249     5.12G   0.05255   0.08052   0.03485    0.1679       276       640    0.1475    0.7865    0.4392    0.2401   0.04878   0.05744    0.0333
    82/249     5.12G   0.05155    0.0692   0.03512    0.1559       241       640   0.08375      0.75    0.4626    0.2435   0.04492   0.05642   0.03321
    83/249     5.12G   0.04919   0.08391   0.03652    0.1696       287       640    0.0872      0.75    0.4399    0.2203   0.03984   0.05882    0.0333
    84/249     5.12G   0.05033   0.09173   0.03693     0.179       297       640    0.1085      0.75    0.4498    0.2148   0.04271   0.05827   0.03329
    85/249     5.12G   0.05112   0.06858   0.03608    0.1558       266       640   0.07538      0.75    0.3766    0.1953   0.05317   0.05948    0.0334
    86/249     5.12G   0.05178   0.08273   0.03686    0.1714       255       640   0.08966    0.7308    0.4011    0.2073   0.04556   0.05903   0.03347
    87/249     5.12G    0.0495   0.07187   0.03647    0.1578       233       640    0.0865    0.7308    0.3774    0.1892   0.04586   0.05904   0.03348
    88/249     5.12G   0.05041   0.07406    0.0366    0.1611       217       640   0.07471    0.7308    0.3704    0.1658   0.04563   0.05809   0.03336
    89/249     5.12G   0.05437   0.08333   0.03656    0.1743       253       640   0.07082    0.7308    0.3875    0.1862   0.04718   0.05868   0.03347
    90/249     5.12G   0.05263   0.06925   0.03625    0.1581       159       640   0.08334    0.7308    0.3527    0.1335   0.04628   0.05848   0.03335
    91/249     5.12G   0.05281   0.07452   0.03702    0.1644       239       640   0.08874    0.7308    0.3697    0.1907   0.04328   0.05704   0.03341
    92/249     5.12G   0.05438   0.08655   0.03631    0.1772       338       640   0.07075    0.7308    0.3514    0.1703   0.04524   0.05662   0.03329
    93/249     5.12G   0.04959   0.06732   0.03619    0.1531       162       640   0.09067      0.75    0.3453    0.1828   0.04127   0.05559   0.03335
    94/249     5.12G   0.05319     0.091   0.03556    0.1797       346       640    0.0623      0.75    0.3441    0.1583    0.0458   0.05728   0.03324
    95/249     5.12G   0.05242   0.07949   0.03542    0.1673       193       640    0.0888      0.75    0.3348    0.1747   0.04104   0.05605   0.03328
    96/249     5.12G   0.05079   0.07914   0.03672    0.1666       258       640    0.0692      0.75     0.312    0.1273   0.04636   0.05842   0.03331
    97/249     5.12G   0.04889   0.08254   0.03605    0.1675       303       640    0.1094      0.75    0.3502     0.193   0.03657   0.05449   0.03334
    98/249     5.12G   0.05032   0.07405   0.03481    0.1592       284       640    0.0712      0.75    0.3304    0.1384   0.05028   0.05886   0.03329
    99/249     5.12G   0.05227   0.07672   0.03524    0.1642       199       640    0.1002      0.75    0.3308    0.1738   0.03843   0.05507   0.03336
   100/249     5.12G   0.05162   0.07022   0.03704    0.1589       250       640   0.05733      0.75    0.2412    0.1156   0.05083   0.05925   0.03336
   101/249     5.12G   0.05215   0.06674   0.03587    0.1548       248       640   0.09284      0.75    0.3418    0.1569   0.04024   0.05674   0.03348
   102/249     5.12G   0.05056   0.08383   0.03511    0.1695       243       640   0.08187      0.75    0.3483    0.2106   0.04543   0.05741   0.03342
   103/249     5.12G   0.05037   0.08442   0.03568    0.1705       320       640   0.08625      0.75    0.3506    0.1731   0.03966   0.05716   0.03321
   104/249     5.12G     0.049   0.08257   0.03612    0.1677       235       640   0.07847      0.75    0.3814    0.1791   0.04414   0.05709   0.03322
   105/249     5.12G   0.05771   0.08459   0.03421    0.1765       316       640   0.06781      0.75     0.343    0.1134   0.04799   0.05813   0.03313
   106/249     5.12G   0.05399   0.08543   0.03755     0.177       275       640    0.1092      0.75    0.3436    0.1589   0.03826   0.05511   0.03313
   107/249     5.12G   0.04989   0.07396   0.03631    0.1602       228       640   0.07796      0.75    0.3293    0.1294   0.04894   0.05721   0.03323
   108/249     5.12G   0.05085   0.07328   0.03489     0.159       233       640    0.0785      0.75    0.2906    0.1283   0.04215   0.05613   0.03323
   109/249     5.12G   0.04765   0.06841   0.03557    0.1516       218       640    0.0806      0.75    0.2979    0.1331   0.04471   0.05639   0.03298
   110/249     5.12G   0.05361   0.07346   0.03545    0.1625       241       640   0.06964      0.75    0.2982     0.135   0.04575   0.05599   0.03293
   111/249     5.12G   0.05352   0.06339   0.03628    0.1532       140       640   0.08487      0.75    0.3478    0.1557   0.04421   0.05643   0.03297
   112/249     5.12G   0.04744   0.07332   0.03559    0.1564       204       640    0.1208      0.75    0.3673    0.1881   0.03528   0.05394   0.03318
   113/249     5.12G   0.04846   0.07166    0.0353    0.1554       232       640   0.08863      0.75    0.3498    0.1384   0.04835   0.05739   0.03302
   114/249     5.12G   0.04975   0.08323   0.03527    0.1683       221       640   0.09525      0.75    0.3535    0.1975   0.03683   0.05352   0.03315
   115/249     5.12G   0.04685   0.07592   0.03507    0.1578       256       640   0.08309      0.75     0.347    0.1848   0.04292   0.05606   0.03319
   116/249     5.12G   0.04842   0.08477   0.03611    0.1693       242       640   0.08027      0.75    0.3557    0.2089   0.03842   0.05524   0.03321
   117/249     5.12G   0.04673   0.07073   0.03552     0.153       173       640    0.0881      0.75    0.3285    0.1308   0.04171   0.05658   0.03329
   118/249     5.12G   0.05088   0.09158   0.03485    0.1773       272       640   0.09093      0.75    0.3366    0.1895   0.04001   0.05572   0.03336
   119/249     5.12G   0.04742   0.07582   0.03445    0.1577       267       640   0.09321      0.75    0.3582    0.2124   0.03977   0.05513   0.03343
   120/249     5.12G   0.04609    0.0751   0.03534    0.1565       246       640   0.09121      0.75     0.332    0.1443   0.04126   0.05525   0.03338
   121/249     5.12G   0.05274   0.07897   0.03554    0.1672       300       640   0.08391    0.7315    0.3369    0.1544   0.04879   0.05879   0.03347
   122/249     5.12G   0.05032   0.06668   0.03453    0.1515       190       640    0.1016      0.75    0.3705    0.2181   0.03974   0.05555   0.03339
   123/249     5.12G   0.05278   0.05472   0.03434    0.1418       147       640   0.07923      0.75    0.3078     0.117   0.05424   0.05778   0.03341
   124/249     5.12G   0.05071   0.06494    0.0348    0.1505       195       640    0.1017      0.75     0.403    0.2322    0.0391   0.05603    0.0333
   125/249     5.12G   0.04847   0.08925   0.03471    0.1724       300       640   0.08059      0.75    0.3331    0.1232   0.04384   0.05624   0.03296
   126/249     5.12G    0.0515   0.07115   0.03429    0.1569       251       640     0.112      0.75    0.3864     0.208   0.04126   0.05621   0.03308
   127/249     5.12G   0.04664   0.06317   0.03357    0.1434       241       640   0.09404      0.75    0.3686      0.19   0.04157   0.05525   0.03277
   128/249     5.12G   0.04814   0.07408   0.03438    0.1566       221       640   0.09517      0.75    0.3134    0.1302   0.04068   0.05641   0.03269
   129/249     5.12G   0.04539     0.074   0.03575    0.1551       215       640    0.1009      0.75    0.3674    0.1913    0.0347   0.05357   0.03252
   130/249     5.12G   0.04577   0.07832    0.0355    0.1596       332       640   0.08165      0.75    0.3782    0.1545   0.04615    0.0563   0.03228
   131/249     5.12G   0.04716   0.06441   0.03514    0.1467       220       640    0.1142      0.75    0.4222    0.2499   0.03398   0.05233   0.03233
   132/249     5.12G   0.04386   0.07072    0.0349    0.1495       225       640    0.1123      0.75    0.4098    0.2354   0.03579   0.05331   0.03217
   133/249     5.12G   0.04615   0.06632   0.03505    0.1475       196       640   0.08417      0.75    0.4058    0.1685   0.04205   0.05479   0.03213
   134/249     5.12G   0.04597   0.07138   0.03612    0.1535       245       640    0.1315      0.75    0.4256    0.2724   0.03197   0.05127   0.03202
   135/249     5.12G   0.05142   0.06944   0.03594    0.1568       157       640   0.07757      0.75    0.3631    0.1387   0.04665   0.05696   0.03208
   136/249     5.12G   0.05142   0.08313   0.03509    0.1696       286       640    0.1392      0.75    0.4296    0.2808    0.0347   0.05183   0.03211
   137/249     5.12G   0.04954    0.0755   0.03529    0.1603       201       640    0.1057      0.75    0.3815    0.1827   0.03949   0.05411    0.0322
   138/249     5.12G   0.05412   0.09929   0.03652    0.1899       436       640     0.118      0.75    0.3963     0.229   0.03983   0.05446   0.03232
   139/249     5.12G   0.04441    0.0713   0.03579    0.1515       274       640    0.1134      0.75    0.4135    0.2261   0.03282    0.0511   0.03236
   140/249     5.12G   0.03966    0.0729   0.03433    0.1469       250       640    0.1214      0.75     0.417    0.2497   0.03338   0.05157   0.03235
   141/249     5.12G   0.04505   0.08538   0.03624    0.1667       346       640    0.1118      0.75    0.3909    0.1909   0.04121   0.05431   0.03246
   142/249     5.12G   0.04575   0.05626   0.03402     0.136       139       640    0.1047      0.75    0.3979    0.2236   0.03992   0.05329   0.03251
   143/249     5.12G   0.04684   0.07087   0.03406    0.1518       226       640    0.1022      0.75    0.3864    0.2194   0.03474   0.05222   0.03253
   144/249     5.12G   0.04679   0.08185   0.03604    0.1647       300       640   0.09957      0.75    0.4161     0.247   0.03748   0.05257    0.0325
   145/249     5.12G   0.04678   0.08103   0.03548    0.1633       248       640    0.1274      0.75    0.3881    0.2466   0.03379   0.05258   0.03247
   146/249     5.12G   0.04243   0.06415   0.03378    0.1404       210       640    0.1043      0.75    0.3845    0.2154   0.03768   0.05249   0.03247
   147/249     5.12G   0.04575   0.06642   0.03512    0.1473       220       640   0.09619      0.75    0.3737    0.1916   0.03794   0.05235   0.03231
   148/249     5.12G   0.04534   0.07088    0.0335    0.1497       216       640    0.1249      0.75    0.3752    0.2186   0.03401   0.05064   0.03239
   149/249     5.12G   0.04494   0.08297   0.03489    0.1628       318       640    0.1089      0.75    0.4056     0.231   0.03516   0.05154   0.03231
   150/249     5.12G   0.04682   0.06791   0.03337    0.1481       200       640   0.08869      0.75     0.416     0.201   0.04345   0.05422   0.03239
   151/249     5.12G    0.0465   0.06788   0.03545    0.1498       199       640    0.1276      0.75    0.4386    0.2837   0.03161   0.05082   0.03253
   152/249     5.12G   0.04618   0.08625   0.03594    0.1684       324       640   0.08852      0.75    0.4458    0.2026   0.03863   0.05394   0.03242
   153/249     5.12G   0.04115   0.07808   0.03559    0.1548       200       640    0.1719      0.75    0.4725    0.3354   0.02619    0.0486   0.03253
   154/249     5.12G   0.03876   0.06112   0.03513     0.135       206       640   0.08866      0.75    0.4267    0.2158   0.03747   0.05269   0.03242
   155/249     5.12G   0.04309   0.06613   0.03596    0.1452       182       640    0.1145      0.75    0.4641    0.2856   0.03463   0.05073   0.03254
   156/249     5.12G   0.04368   0.07901   0.03457    0.1573       315       640    0.1154      0.75    0.4524    0.2979   0.03134   0.04923   0.03248
   157/249     5.12G   0.04411   0.08337   0.03481    0.1623       342       640    0.1349      0.75    0.4305    0.2207   0.03579   0.05112   0.03247
   158/249     5.12G   0.04485   0.07521   0.03592     0.156       272       640    0.1251      0.75    0.4465    0.2886   0.03366   0.05059   0.03255
   159/249     5.12G    0.0423   0.08226   0.03524    0.1598       347       640    0.1569      0.75    0.4614    0.2971   0.02974   0.04896   0.03256
   160/249     5.12G   0.03822   0.08072   0.03514    0.1541       314       640    0.1218      0.75    0.4378    0.2729   0.03088   0.04973   0.03254
   161/249     5.12G   0.04028   0.06289   0.03482     0.138       215       640    0.1166      0.75    0.4372    0.2492   0.03569   0.05168   0.03252
   162/249     5.12G   0.04475   0.08589   0.03499    0.1656       311       640    0.1316      0.75    0.4273    0.2644   0.03196   0.04959   0.03251
   163/249     5.12G   0.04816   0.05906   0.03524    0.1425       180       640    0.1102      0.75    0.4081    0.2237   0.04243    0.0547   0.03257
   164/249     5.12G   0.04366   0.07659   0.03513    0.1554       211       640    0.1181      0.75    0.4497    0.3207   0.02923   0.04923   0.03254
   165/249     5.12G   0.03919   0.08227   0.03493    0.1564       250       640     0.139      0.75     0.442    0.3113   0.02992   0.04979   0.03248
   166/249     5.12G   0.04139   0.06295   0.03633    0.1407       220       640    0.1036      0.75    0.4272    0.2608   0.03561   0.05121   0.03243
   167/249     5.12G   0.04662   0.07422    0.0351    0.1559       301       640    0.1173      0.75    0.4168    0.2268   0.03373   0.05001   0.03258
   168/249     5.12G   0.03749   0.07318   0.03423    0.1449       221       640    0.1178      0.75    0.4197      0.26   0.03073   0.04897   0.03252
   169/249     5.12G    0.0404   0.07063   0.03626    0.1473       261       640    0.1339      0.75    0.4175    0.2787   0.03075   0.04867   0.03247
   170/249     5.12G   0.04038   0.06879   0.03426    0.1434       261       640    0.1118      0.75     0.412    0.2361   0.03453   0.04948   0.03256
   171/249     5.12G   0.04263     0.081   0.03573    0.1594       307       640    0.1209      0.75    0.4056    0.2501   0.03316   0.05019    0.0325
   172/249     5.12G   0.04472   0.07794   0.03448    0.1571       258       640    0.1169      0.75    0.3745    0.2413   0.03216    0.0494   0.03243
   173/249     5.12G   0.04025    0.0574   0.03556    0.1332       161       640    0.1207      0.75    0.3979    0.2335   0.03077   0.04876   0.03237
   174/249     5.12G   0.03891    0.0698   0.03405    0.1428       306       640    0.1446      0.75    0.4238    0.2438   0.03258   0.04898   0.03236
   175/249     5.12G   0.03705    0.0697   0.03515    0.1419       280       640    0.1571      0.75    0.4416    0.2851   0.02945   0.04763   0.03228
   176/249     5.12G   0.03856   0.06681   0.03433    0.1397       225       640    0.1427      0.75    0.4429    0.2706   0.03169   0.04932   0.03225
   177/249     5.12G   0.03811   0.06079    0.0325    0.1314       221       640    0.1841      0.75     0.453    0.2959   0.02786   0.04682   0.03226
   178/249     5.12G   0.03962   0.08846   0.03534    0.1634       333       640    0.1431      0.75    0.4545    0.2952   0.03092   0.04895   0.03221
   179/249     5.12G   0.03923   0.05446    0.0354    0.1291       143       640     0.149      0.75    0.4614    0.2886   0.03235   0.04929   0.03221
   180/249     5.12G    0.0402   0.07532   0.03421    0.1497       311       640    0.1565      0.75    0.4577    0.2974   0.02873   0.04847   0.03215
   181/249     5.12G   0.04158   0.07571   0.03438    0.1517       259       640    0.1667      0.75    0.4782    0.3178   0.02874   0.04834   0.03229
   182/249     5.12G   0.03879   0.06293   0.03591    0.1376       197       640    0.1158      0.75    0.4413    0.2526    0.0311   0.04888   0.03226
   183/249     5.12G   0.03794   0.06587   0.03496    0.1388       291       640    0.1635      0.75    0.4568    0.2636   0.02906   0.04763   0.03231
   184/249     5.12G    0.0361   0.06427   0.03482    0.1352       226       640    0.1356      0.75    0.4564    0.3008   0.02916   0.04815   0.03217
   185/249     5.12G   0.03735    0.0643   0.03476    0.1364       224       640    0.1444      0.75    0.4502    0.2865   0.02937   0.04756   0.03217
   186/249     5.12G   0.03792   0.07504   0.03496    0.1479       313       640    0.1451      0.75    0.4545    0.2872   0.02896   0.04732   0.03216
   187/249     5.12G   0.03883   0.07894   0.03468    0.1524       269       640    0.1572      0.75    0.4641    0.2994   0.02814   0.04709   0.03214
   188/249     5.12G   0.03955   0.05851   0.03448    0.1325       185       640    0.1207      0.75     0.455    0.2739   0.03408   0.04954   0.03217
   189/249     5.12G   0.03728   0.07311   0.03508    0.1455       270       640    0.1863      0.75    0.4735    0.3562   0.02285   0.04399   0.03215
   190/249     5.12G   0.03638   0.07582   0.03508    0.1473       291       640    0.1171      0.75    0.4558    0.2543    0.0338    0.0496    0.0322
   191/249     5.12G   0.03848   0.06991   0.03606    0.1444       256       640    0.1644      0.75    0.4572    0.3326   0.02907    0.0468   0.03224
   192/249     5.12G   0.03503   0.07422   0.03455    0.1438       302       640    0.1813      0.75    0.4705    0.3471    0.0249   0.04509   0.03226
   193/249     5.12G   0.03336   0.07047   0.03463    0.1385       223       640    0.1724      0.75    0.4822    0.3501   0.02715   0.04646   0.03226
   194/249     5.12G   0.03642   0.07408   0.03384    0.1443       288       640    0.1477      0.75     0.473    0.2929   0.03069   0.04867   0.03228
   195/249     5.12G   0.03789   0.07255   0.03544    0.1459       275       640     0.174      0.75    0.4776    0.3555   0.02597   0.04537   0.03225
   196/249     5.12G     0.039   0.06596   0.03459    0.1395       238       640    0.1182      0.75    0.4478    0.2721   0.03289    0.0492   0.03232
   197/249     5.12G   0.03706   0.07027   0.03569     0.143       255       640    0.1749      0.75    0.4539    0.3153    0.0268   0.04584   0.03234
   198/249     5.12G   0.03866    0.0674   0.03485    0.1409       218       640    0.1714      0.75    0.4565    0.3341    0.0265   0.04571   0.03228
   199/249     5.12G   0.03567   0.07016   0.03373    0.1396       199       640    0.1626      0.75    0.4529    0.2989   0.02663   0.04592   0.03232
   200/249     5.12G   0.03956   0.07102   0.03486    0.1454       293       640    0.1154      0.75    0.4323    0.2747   0.03337   0.04971   0.03232
   201/249     5.12G   0.03866    0.0638   0.03585    0.1383       222       640    0.1895      0.75    0.4578    0.3293   0.02375   0.04467   0.03244
   202/249     5.12G   0.03435   0.06063   0.03352    0.1285       207       640    0.1612      0.75    0.4614    0.3321   0.02669   0.04675   0.03247
   203/249     5.12G   0.03642   0.06851   0.03387    0.1388       274       640    0.1864      0.75    0.4628    0.2961    0.0272   0.04625   0.03259
   204/249     5.12G   0.03365   0.05641   0.03494     0.125       212       640    0.1499      0.75    0.4373    0.3245   0.02642    0.0468    0.0326
   205/249     5.12G    0.0362   0.07642   0.03587    0.1485       328       640    0.2095      0.75    0.4628    0.3507   0.02369   0.04514   0.03263
   206/249     5.12G   0.03915   0.08179   0.03488    0.1558       230       640     0.174      0.75    0.4486    0.3343   0.02573   0.04592   0.03256
   207/249     5.12G   0.03268   0.07235   0.03566    0.1407       275       640    0.1892      0.75    0.4393    0.3319   0.02369   0.04483   0.03251
   208/249     5.12G   0.03433   0.07598   0.03445    0.1448       287       640    0.1515      0.75    0.4328    0.2699   0.02967   0.04762   0.03249
   209/249     5.12G   0.04107   0.07436   0.03444    0.1499       280       640    0.1949      0.75    0.4656    0.3263   0.02865   0.04708   0.03255
   210/249     5.12G   0.03427   0.06696   0.03434    0.1356       232       640    0.1811      0.75    0.4506    0.3227    0.0234   0.04412   0.03252
   211/249     5.12G   0.03088   0.07274   0.03509    0.1387       317       640    0.1851      0.75    0.4488     0.332   0.02258    0.0433   0.03249
   212/249     5.12G   0.03285   0.05857    0.0346     0.126       185       640    0.1511      0.75    0.4384    0.2946   0.02846   0.04685   0.03237
   213/249     5.12G   0.03364   0.06718   0.03507    0.1359       204       640    0.1868      0.75    0.4496    0.3263   0.02455   0.04479   0.03236
   214/249     5.12G   0.03343   0.07161   0.03494      0.14       308       640    0.1525      0.75    0.4456    0.2947   0.02866   0.04668   0.03231
   215/249     5.12G    0.0371   0.06523    0.0351    0.1374       254       640    0.1677      0.75     0.447    0.3114   0.02821   0.04695   0.03233
   216/249     5.12G   0.03524   0.06842   0.03501    0.1387       228       640    0.1761      0.75     0.456    0.3165   0.02567   0.04506   0.03229
   217/249     5.12G    0.0307   0.06442   0.03476    0.1299       237       640    0.1924      0.75    0.4639    0.3494   0.02289   0.04335    0.0323
   218/249     5.12G   0.03075   0.05906   0.03517     0.125       222       640    0.1616      0.75    0.4695    0.3321   0.02752   0.04587   0.03231
   219/249     5.12G   0.03502    0.0679   0.03512     0.138       264       640    0.1565      0.75    0.4583    0.3081   0.02691   0.04644   0.03231
   220/249     5.12G   0.03393   0.06762   0.03486    0.1364       246       640    0.1743      0.75    0.4698    0.3399    0.0254   0.04431   0.03227
   221/249     5.12G   0.03446   0.05845   0.03388    0.1268       255       640    0.1464      0.75    0.4705    0.2845   0.03195   0.04949   0.03218
   222/249     5.12G   0.03756    0.0641   0.03487    0.1365       221       640    0.1585      0.75    0.4641    0.3137   0.02755   0.04597   0.03215
   223/249     5.12G     0.036   0.05508   0.03469    0.1258       164       640    0.1582      0.75     0.459    0.3142   0.02539   0.04553    0.0321
   224/249     5.12G   0.02864   0.06504   0.03526    0.1289       268       640    0.1966      0.75    0.4775    0.3634   0.02144   0.04245   0.03209
   225/249     5.12G   0.03251   0.06706   0.03446     0.134       247       640    0.1557      0.75    0.4357    0.2815   0.02739   0.04651   0.03213
   226/249     5.12G   0.03094    0.0705   0.03495    0.1364       280       640    0.2033      0.75    0.4768    0.3687   0.02154   0.04223   0.03214
   227/249     5.12G    0.0295   0.06181   0.03483    0.1261       255       640    0.1977      0.75    0.4773    0.3549   0.02254   0.04269   0.03211
   228/249     5.12G   0.03156   0.06444   0.03499     0.131       274       640    0.1476      0.75    0.4775    0.3174   0.02709   0.04534   0.03213
   229/249     5.12G   0.03154    0.0606   0.03433    0.1265       203       640    0.1991      0.75     0.489    0.3723   0.02295   0.04275   0.03213
   230/249     5.12G    0.0307   0.05979   0.03482    0.1253       231       640    0.2074      0.75    0.4928    0.3626   0.02309   0.04313   0.03212
   231/249     5.12G    0.0315   0.06436     0.034    0.1299       231       640    0.1845      0.75    0.4854    0.3756   0.02443   0.04415    0.0321
   232/249     5.12G   0.03243   0.06615   0.03391    0.1325       283       640    0.2013      0.75    0.5012      0.36   0.02358   0.04359   0.03211
   233/249     5.12G   0.03201   0.06682   0.03391    0.1327       226       640    0.1967      0.75    0.4763    0.3597   0.02397   0.04347   0.03205
   234/249     5.12G    0.0342   0.05701   0.03458    0.1258       189       640    0.1561      0.75    0.4675    0.3019    0.0283   0.04671   0.03204
   235/249     5.12G   0.03115   0.05857   0.03544    0.1252       192       640    0.2106      0.75    0.4634    0.3615   0.02064   0.04134   0.03207
   236/249     5.12G   0.03279   0.07081   0.03358    0.1372       275       640    0.1785      0.75    0.4646    0.3232   0.02713   0.04602   0.03203
   237/249     5.12G   0.03223   0.08207    0.0339    0.1482       303       640    0.2066      0.75    0.4819     0.373   0.02182   0.04235   0.03204
   238/249     5.12G    0.0319   0.05563   0.03494    0.1225       246       640    0.1871      0.75    0.4758    0.3268   0.02835   0.04695   0.03209
   239/249     5.12G   0.03476   0.07369   0.03573    0.1442       315       640    0.2059      0.75    0.4771    0.3607   0.02234   0.04221    0.0321
   240/249     5.12G   0.02958    0.0543    0.0346    0.1185       195       640    0.1992      0.75     0.481    0.3334    0.0259   0.04566   0.03218
   241/249     5.12G   0.03115   0.06419   0.03389    0.1292       242       640    0.2048      0.75    0.4876    0.3782   0.02248   0.04276   0.03223
   242/249     5.12G   0.03304   0.06796   0.03578    0.1368       275       640    0.2004      0.75    0.4918    0.3358   0.02652   0.04536   0.03218
   243/249     5.12G   0.03184    0.0527   0.03519    0.1197       187       640    0.2073      0.75    0.4999    0.3723   0.02307   0.04268    0.0322
   244/249     5.12G   0.03229   0.06492   0.03585    0.1331       290       640    0.2042      0.75    0.4833      0.35   0.02562    0.0448   0.03219
   245/249     5.12G   0.03413   0.06342   0.03534    0.1329       232       640    0.2008      0.75    0.4783    0.3384   0.02494   0.04317   0.03222
   246/249     5.12G   0.03477   0.06394    0.0358    0.1345       243       640    0.1944      0.75    0.4872    0.3619   0.02426   0.04363   0.03217
   247/249     5.12G   0.03435   0.06145   0.03501    0.1308       198       640    0.1935      0.75    0.4771    0.3502   0.02361   0.04322   0.03213
   248/249     5.12G   0.03501   0.07124   0.03438    0.1406       333       640    0.1657      0.75     0.478    0.3409   0.02642   0.04482   0.03209
   249/249     5.12G   0.03416   0.05871   0.03338    0.1262       166       640    0.1978      0.75    0.4752    0.3581   0.02357   0.04323   0.03207
