0 0.315807 0.289062 0.099206 0.057788
1 0.393519 0.345982 0.081349 0.047619
2 0.182705 0.410590 0.125331 0.073165
1 0.331515 0.418775 0.089616 0.054812
1 0.454200 0.416295 0.086971 0.055804
2 0.582341 0.426091 0.111772 0.073413
1 0.426753 0.488095 0.092262 0.061012
0 0.674107 0.503100 0.104828 0.072173
0 0.851852 0.554688 0.101852 0.070188
1 0.671958 0.588294 0.086640 0.062996
1 0.804233 0.645213 0.092593 0.067212
3 0.701554 0.700025 0.085648 0.069196
0 0.505291 0.593502 0.119709 0.081845
2 0.336475 0.655506 0.137897 0.098214
1 0.204861 0.588790 0.103505 0.072421
1 0.155258 0.488095 0.100860 0.064980
1 0.319775 0.803323 0.115741 0.085813
1 0.468089 0.810020 0.111442 0.088790
2 0.616733 0.762029 0.133598 0.106399
