0 0.139385 0.074281 0.093585 0.053819
0 0.374504 0.040675 0.096230 0.054067
0 0.712467 0.138765 0.091601 0.053323
0 0.460979 0.442088 0.113757 0.076637
0 0.339120 0.489583 0.118717 0.080853
0 0.167328 0.438616 0.115741 0.076637
0 0.612765 0.710565 0.130952 0.097718
2 0.570437 0.190104 0.107143 0.062748
2 0.722718 0.329489 0.112103 0.071677
1 0.694610 0.518725 0.098214 0.066220
1 0.670139 0.380208 0.088294 0.056052
1 0.852513 0.330977 0.087302 0.056796
1 0.720403 0.232019 0.081680 0.050347
1 0.527612 0.250372 0.081680 0.051835
1 0.302083 0.286086 0.089616 0.053323
1 0.296627 0.142733 0.076720 0.045387
1 0.069114 0.167907 0.080688 0.044643
1 0.026620 0.224454 0.052579 0.055556
1 0.120205 0.276290 0.089616 0.052579
1 0.167824 0.332713 0.091601 0.054812
4 0.401786 0.382316 0.080688 0.054812
1 0.434689 0.525670 0.100198 0.064236
1 0.096396 0.555928 0.106151 0.070685
1 0.026620 0.488095 0.052579 0.063492
3 0.159557 0.171131 0.092262 0.049603
1 0.581184 0.076017 0.077712 0.041419
1 0.791832 0.014633 0.073082 0.028770
2 0.675265 0.856027 0.148810 0.120784
1 0.449570 0.748512 0.107474 0.083829
1 0.152447 0.753224 0.114418 0.084821
