0 0.611938 0.020709 0.121362 0.040923
0 0.814649 0.490203 0.157077 0.106399
1 0.936177 0.941220 0.127646 0.117560
1 0.773148 0.657490 0.134921 0.100198
1 0.621032 0.567584 0.128307 0.092014
1 0.346065 0.515377 0.126653 0.086806
1 0.195271 0.572297 0.136574 0.093006
3 0.370866 0.150670 0.118717 0.070188
3 0.677414 0.129092 0.111442 0.068204
1 0.837963 0.085069 0.104497 0.059028
1 0.561012 0.131572 0.104828 0.063244
1 0.508763 0.204489 0.104828 0.070188
1 0.676091 0.271577 0.114087 0.072421
1 0.760913 0.346974 0.115741 0.076389
1 0.913690 0.277282 0.113095 0.071429
2 0.483300 0.842014 0.191468 0.152778
