0 0.239253 0.021701 0.106151 0.042907
1 0.348049 0.057168 0.092262 0.052827
1 0.699570 0.017609 0.089616 0.034722
1 0.740079 0.187376 0.096561 0.058780
1 0.445271 0.290799 0.102183 0.067212
0 0.623677 0.391493 0.128307 0.084573
1 0.135913 0.113467 0.097884 0.053819
2 0.159392 0.237971 0.133598 0.083581
2 0.416336 0.479911 0.143519 0.100198
2 0.621032 0.721726 0.166667 0.125000
1 0.628638 0.549107 0.115741 0.083829
1 0.815311 0.720114 0.125331 0.093006
1 0.350364 0.582589 0.124008 0.086806
1 0.045800 0.404886 0.090939 0.072173
1 0.036872 0.651414 0.073082 0.093998
4 0.133267 0.827629 0.130952 0.099206
1 0.542328 0.816716 0.133598 0.102183
0 0.212467 0.936012 0.176257 0.127976
0 0.051257 0.980903 0.101852 0.038194
