0 0.809028 0.138765 0.110119 0.058780
1 0.937169 0.187872 0.096561 0.055804
1 0.733962 0.250000 0.097553 0.062004
0 0.485946 0.222098 0.117394 0.068204
2 0.804894 0.393477 0.146164 0.093006
0 0.477679 0.457093 0.133929 0.087798
1 0.725694 0.585317 0.122685 0.087798
3 0.526455 0.640501 0.132275 0.094990
1 0.393684 0.636905 0.127976 0.091766
3 0.162202 0.656994 0.139220 0.101190
1 0.306052 0.744916 0.126653 0.101438
1 0.494874 0.860615 0.135251 0.109623
1 0.784226 0.879216 0.137897 0.113591
1 0.585152 0.961310 0.147156 0.077381
