2 0.408069 0.104167 0.160053 0.111607
2 0.529266 0.215278 0.157077 0.114583
2 0.288194 0.966022 0.184854 0.067956
0 0.351025 0.507688 0.158399 0.114583
0 0.384590 0.794519 0.162698 0.128224
0 0.712632 0.569816 0.154101 0.116815
0 0.788360 0.147073 0.143519 0.102183
1 0.591931 0.062872 0.117063 0.084573
1 0.050595 0.166667 0.100529 0.085813
1 0.200728 0.232887 0.122354 0.089782
0 0.020999 0.378472 0.041336 0.098214
1 0.565311 0.484995 0.124008 0.090030
3 0.651290 0.402282 0.136574 0.098214
1 0.840112 0.323785 0.127976 0.092014
3 0.619709 0.863715 0.147487 0.117808
1 0.058201 0.655506 0.115741 0.100198
1 0.965112 0.682912 0.069775 0.094990
1 0.976852 0.808036 0.046296 0.099206
