0 0.305556 0.214286 0.114418 0.085813
0 0.539683 0.586186 0.105820 0.081597
0 0.712632 0.470610 0.104497 0.081597
0 0.887566 0.517981 0.099206 0.079613
1 0.402612 0.290675 0.096230 0.071429
1 0.478340 0.381200 0.093585 0.072421
1 0.346726 0.396081 0.092262 0.071429
1 0.457011 0.476190 0.092593 0.070437
1 0.181548 0.495288 0.100529 0.073413
1 0.252976 0.601190 0.100529 0.072421
1 0.387401 0.788814 0.096230 0.071181
1 0.511409 0.785218 0.096230 0.070437
1 0.700893 0.568080 0.089616 0.068204
1 0.824074 0.618304 0.082672 0.064980
3 0.720899 0.674603 0.080026 0.063988
2 0.385417 0.658110 0.127976 0.094990
2 0.616071 0.383681 0.118386 0.085813
2 0.642361 0.738715 0.118717 0.093006
2 0.187500 0.400794 0.132275 0.095238
