2 0.047619 0.023810 0.094577 0.047123
0 0.342923 0.029018 0.118386 0.057540
1 0.732143 0.134673 0.100529 0.069444
1 0.939484 0.354291 0.113095 0.078621
4 0.723876 0.472594 0.105820 0.073165
1 0.515873 0.422991 0.111772 0.079613
1 0.535714 0.518105 0.113095 0.083829
1 0.151290 0.286086 0.107474 0.072173
0 0.019345 0.306672 0.038029 0.080605
0 0.032407 0.532986 0.064153 0.099206
3 0.191303 0.578993 0.129299 0.093998
3 0.227844 0.216766 0.111772 0.076389
1 0.386905 0.151166 0.101852 0.067212
2 0.125165 0.081969 0.135251 0.088046
0 0.275463 0.344494 0.129630 0.089782
0 0.446263 0.729415 0.145833 0.113591
1 0.457176 0.847718 0.121362 0.100198
1 0.194775 0.803819 0.128307 0.099206
