1 0.265046 0.027406 0.094907 0.054315
1 0.329696 0.169271 0.083995 0.055804
1 0.131448 0.104167 0.086971 0.053571
1 0.648148 0.077877 0.086640 0.052579
1 0.935351 0.179191 0.090939 0.054812
1 0.958003 0.244792 0.083995 0.060020
1 0.724537 0.425099 0.093915 0.062996
1 0.922950 0.460193 0.096561 0.065228
1 0.134921 0.431796 0.099206 0.063988
1 0.325066 0.430308 0.096561 0.061012
1 0.481978 0.532490 0.093585 0.071429
1 0.580522 0.856523 0.106151 0.084573
1 0.339451 0.590898 0.100860 0.070188
1 0.144511 0.688120 0.110450 0.078621
3 0.702546 0.032862 0.088294 0.055804
3 0.704530 0.275794 0.094907 0.063988
0 0.513062 0.090774 0.100860 0.063988
0 0.548115 0.240079 0.107474 0.069444
0 0.747354 0.120660 0.100529 0.068204
0 0.918816 0.850322 0.129299 0.105407
0 0.908399 0.380580 0.114418 0.077629
2 0.210648 0.216270 0.118386 0.077381
2 0.493717 0.353795 0.119709 0.081597
2 0.689484 0.676711 0.136243 0.105407
