2 0.147983 0.251364 0.122685 0.081597
2 0.907077 0.174355 0.117063 0.074405
1 0.840278 0.055680 0.087963 0.053819
1 0.448247 0.126364 0.086971 0.054812
1 0.616402 0.176959 0.089286 0.054812
1 0.748677 0.201265 0.095238 0.057788
1 0.912037 0.281994 0.096561 0.060020
1 0.681713 0.274802 0.090939 0.062004
1 0.504134 0.267981 0.088294 0.063244
1 0.478009 0.347470 0.093585 0.062996
1 0.588955 0.485987 0.100529 0.069196
1 0.760417 0.639509 0.110119 0.080605
1 0.220899 0.710813 0.114418 0.084821
3 0.333333 0.489087 0.113095 0.077381
3 0.448247 0.550595 0.108796 0.076389
0 0.563492 0.875124 0.132275 0.115823
1 0.982143 0.694816 0.035714 0.079613
0 0.624669 0.373884 0.114418 0.080605
0 0.832011 0.433904 0.115741 0.080605
2 0.982143 0.386781 0.035714 0.077629
1 0.571594 0.015501 0.085648 0.030506
