1 0.298115 0.115575 0.078373 0.051587
1 0.484788 0.219370 0.082672 0.054812
1 0.300926 0.211186 0.083995 0.052827
1 0.170635 0.359375 0.085317 0.062004
1 0.085813 0.437004 0.089616 0.062004
1 0.045470 0.332093 0.090278 0.059028
1 0.488261 0.411582 0.086971 0.065228
1 0.310516 0.451885 0.089286 0.062996
1 0.619213 0.491691 0.092262 0.064236
1 0.610946 0.613715 0.092262 0.068204
1 0.779101 0.219370 0.083995 0.054812
1 0.047288 0.148686 0.083995 0.053819
1 0.054563 0.814608 0.108466 0.081597
1 0.291171 0.880208 0.108796 0.084821
0 0.520668 0.050967 0.090939 0.056796
0 0.716270 0.125992 0.093915 0.062004
0 0.805225 0.389385 0.100529 0.072421
0 0.183862 0.609499 0.114418 0.082589
0 0.029762 0.536086 0.058862 0.080605
2 0.393188 0.561508 0.117063 0.087798
2 0.335979 0.337798 0.113095 0.076389
2 0.669312 0.894221 0.132275 0.108383
0 0.265046 0.024802 0.092262 0.049107
0 0.114087 0.028398 0.096561 0.056300
