0 0.180721 0.259177 0.137897 0.101190
0 0.667824 0.441592 0.086971 0.081597
0 0.804233 0.445685 0.078704 0.073413
1 0.797288 0.549107 0.067460 0.064980
1 0.695437 0.534102 0.070106 0.064236
1 0.464616 0.509797 0.085317 0.071181
1 0.441964 0.409598 0.092262 0.077629
1 0.323413 0.326389 0.103175 0.078373
1 0.324735 0.457093 0.103175 0.077381
1 0.198743 0.616691 0.118386 0.093006
1 0.333003 0.705605 0.105820 0.084821
1 0.541171 0.838914 0.089616 0.076637
1 0.638889 0.788814 0.072751 0.071181
0 0.581019 0.596106 0.095238 0.084573
3 0.749173 0.625000 0.061839 0.065972
2 0.559028 0.379092 0.106151 0.093006
2 0.155919 0.505704 0.157077 0.110615
2 0.481151 0.715898 0.118386 0.103423
2 0.717427 0.703621 0.094907 0.088790
