1 0.618386 0.037078 0.113095 0.070188
1 0.284392 0.096974 0.114418 0.070437
1 0.656415 0.168775 0.114418 0.073165
1 0.914683 0.165179 0.121032 0.074405
1 0.096396 0.282366 0.124008 0.079613
1 0.335317 0.356399 0.128307 0.086806
1 0.526951 0.393105 0.125331 0.087798
1 0.757606 0.515997 0.134921 0.095982
1 0.967758 0.440104 0.064484 0.091022
2 0.751984 0.346478 0.165344 0.114583
2 0.921462 0.682292 0.157077 0.137401
1 0.427579 0.510789 0.133598 0.095982
1 0.162533 0.509177 0.140542 0.099206
1 0.112103 0.639013 0.147487 0.106399
1 0.269180 0.873512 0.155423 0.123016
0 0.332507 0.676215 0.172288 0.131200
0 0.639881 0.771825 0.180556 0.134425
3 0.066964 0.964906 0.133267 0.070188
