2 0.392196 0.360987 0.095238 0.067212
2 0.457837 0.653894 0.107474 0.082589
2 0.503968 0.776910 0.114418 0.089038
2 0.861276 0.518601 0.107474 0.076389
0 0.416501 0.490699 0.090939 0.068204
0 0.720899 0.350198 0.087963 0.062004
0 0.767030 0.423983 0.089616 0.065228
0 0.516204 0.380704 0.086640 0.062996
1 0.546627 0.314484 0.070106 0.052579
1 0.622354 0.342386 0.076058 0.052827
1 0.851025 0.411086 0.075728 0.057788
1 0.244874 0.502108 0.078373 0.055804
1 0.131118 0.621404 0.079696 0.058780
1 0.244709 0.733011 0.083995 0.065228
1 0.450893 0.556300 0.074405 0.054563
1 0.662368 0.565600 0.081349 0.058780
1 0.841435 0.708209 0.084325 0.065228
3 0.591435 0.651910 0.074405 0.055804
1 0.658896 0.752604 0.085648 0.065228
