2 0.202257 0.414021 0.137649 0.164021
0 0.321181 0.344907 0.122024 0.140873
0 0.460441 0.382275 0.119296 0.139550
1 0.536582 0.305060 0.092014 0.110119
1 0.567460 0.455026 0.098214 0.123677
2 0.653770 0.562169 0.131448 0.164021
1 0.717510 0.456845 0.091766 0.117394
1 0.765873 0.612434 0.098214 0.132275
0 0.315724 0.493552 0.127480 0.154431
1 0.468626 0.510747 0.100942 0.127315
1 0.543527 0.606978 0.101935 0.133267
1 0.665675 0.714616 0.102183 0.148148
0 0.555432 0.769841 0.131200 0.185185
0 0.421751 0.758267 0.137649 0.181217
1 0.391493 0.602017 0.106399 0.138558
2 0.262029 0.681548 0.152530 0.197090
1 0.172495 0.573247 0.114831 0.139881
