1 0.536541 0.355779 0.122685 0.079613
1 0.775628 0.390377 0.124008 0.076389
1 0.886574 0.503100 0.130952 0.091022
1 0.864418 0.595610 0.142196 0.104415
1 0.591601 0.468006 0.125661 0.086806
1 0.597884 0.561012 0.134921 0.101190
1 0.476521 0.521701 0.132275 0.091022
1 0.468254 0.626612 0.143519 0.102431
1 0.143849 0.648313 0.144841 0.108631
0 0.464286 0.427579 0.148810 0.099206
0 0.309689 0.455481 0.157077 0.105407
0 0.341601 0.570809 0.165344 0.118800
0 0.581349 0.713914 0.181878 0.140625
0 0.724702 0.635293 0.173611 0.128224
2 0.178241 0.533606 0.185847 0.127232
2 0.737599 0.510789 0.174934 0.120784
2 0.292659 0.703125 0.197090 0.149802
