1 0.375331 0.173859 0.111772 0.075397
1 0.636409 0.189980 0.104828 0.074405
1 0.585483 0.257688 0.107474 0.075397
1 0.744544 0.325273 0.092262 0.078621
1 0.710152 0.402406 0.111442 0.081597
1 0.852679 0.554688 0.107474 0.093006
1 0.633763 0.488095 0.107474 0.085813
1 0.767857 0.661210 0.114418 0.090774
1 0.673611 0.709697 0.115741 0.094990
1 0.657077 0.852927 0.126984 0.100198
1 0.498677 0.466394 0.115741 0.090030
1 0.284226 0.364583 0.122685 0.086806
1 0.231316 0.284474 0.118717 0.083829
1 0.160384 0.400794 0.128307 0.086806
1 0.389054 0.528398 0.125331 0.092014
1 0.505622 0.558904 0.115741 0.089038
3 0.491733 0.193080 0.115741 0.080605
0 0.413194 0.316592 0.137897 0.102431
0 0.510251 0.314484 0.111772 0.096230
0 0.588955 0.396577 0.130952 0.097222
0 0.758929 0.486607 0.129630 0.099206
0 0.551753 0.671007 0.141865 0.110367
0 0.405589 0.630704 0.147156 0.112599
0 0.415840 0.396081 0.137897 0.096230
0 0.655589 0.322173 0.126653 0.099206
2 0.431052 0.753100 0.168320 0.128224
2 0.254134 0.582093 0.172288 0.123016
2 0.277447 0.463294 0.166667 0.116567
2 0.367063 0.263393 0.152778 0.101190
2 0.662533 0.595114 0.145833 0.115823
