1 0.423611 0.219990 0.133598 0.097222
1 0.654927 0.278274 0.120040 0.098214
1 0.810681 0.390873 0.122685 0.098214
1 0.389054 0.455605 0.125331 0.097222
1 0.768684 0.563492 0.121362 0.098214
1 0.255291 0.477679 0.133598 0.098214
1 0.812665 0.244792 0.121362 0.097222
1 0.381614 0.691716 0.132275 0.100198
1 0.522652 0.756324 0.125331 0.094990
1 0.196098 0.754712 0.133598 0.100198
0 0.229828 0.318080 0.162698 0.119792
0 0.486276 0.324281 0.157077 0.117808
0 0.617229 0.441592 0.157077 0.114831
0 0.595073 0.614707 0.145833 0.113839
0 0.442130 0.575397 0.151455 0.113591
0 0.785880 0.727431 0.141865 0.111607
0 0.176753 0.619916 0.158399 0.119792
