1 0.413194 0.187872 0.135251 0.113839
1 0.623181 0.273686 0.108796 0.101438
1 0.747189 0.250372 0.089616 0.090030
1 0.748016 0.392485 0.093915 0.093006
1 0.720403 0.559400 0.090939 0.092014
1 0.517196 0.778894 0.119709 0.105407
1 0.375165 0.726314 0.139220 0.113839
1 0.378638 0.450893 0.132275 0.108631
1 0.229993 0.478795 0.159722 0.120784
1 0.158896 0.826017 0.161045 0.122768
0 0.198247 0.280382 0.192791 0.150050
0 0.473214 0.308780 0.147487 0.134425
0 0.599206 0.438492 0.129630 0.119048
0 0.577877 0.619792 0.127976 0.122024
0 0.435847 0.586310 0.147487 0.133433
0 0.134094 0.657490 0.205357 0.149802
0 0.737599 0.720114 0.108796 0.109375
