1 0.432374 0.427703 0.124008 0.094990
1 0.389716 0.514509 0.126653 0.094990
1 0.630126 0.490203 0.122685 0.095982
1 0.711475 0.575893 0.136574 0.100198
1 0.597057 0.651786 0.127976 0.099206
1 0.461310 0.743800 0.132275 0.101190
1 0.467593 0.883433 0.142196 0.111607
0 0.649471 0.251984 0.161376 0.124008
0 0.479993 0.328993 0.153108 0.120784
0 0.425595 0.645585 0.151455 0.124008
2 0.627315 0.376984 0.164021 0.125992
2 0.525463 0.554812 0.164021 0.122024
2 0.652116 0.764633 0.180556 0.136409
2 0.267857 0.777902 0.185847 0.140625
