1 0.578538 0.412202 0.121362 0.088790
1 0.471065 0.441096 0.118717 0.084573
1 0.672288 0.536582 0.113095 0.081597
1 0.657077 0.630208 0.137566 0.103175
1 0.501323 0.639509 0.132275 0.094990
1 0.313327 0.649306 0.141865 0.100198
1 0.184358 0.766493 0.159722 0.117808
0 0.691468 0.360491 0.148810 0.103423
0 0.885747 0.379588 0.151786 0.106399
0 0.379464 0.553695 0.161045 0.119792
2 0.763889 0.457589 0.166667 0.115575
2 0.540013 0.534598 0.162698 0.118800
2 0.133433 0.576389 0.190146 0.138393
2 0.446925 0.753100 0.188823 0.153026
