1 0.440642 0.392981 0.124008 0.090030
1 0.395172 0.476190 0.132275 0.084821
1 0.639881 0.443080 0.128307 0.091022
1 0.734127 0.511409 0.146164 0.099206
1 0.624008 0.599206 0.137566 0.107639
1 0.479993 0.713294 0.144511 0.110615
1 0.493717 0.878720 0.169312 0.139385
0 0.639716 0.242684 0.139220 0.091022
0 0.475860 0.304191 0.142196 0.083581
0 0.438657 0.606399 0.177579 0.127976
2 0.628803 0.344990 0.155754 0.107639
2 0.539848 0.505208 0.176257 0.111607
2 0.698413 0.718502 0.214947 0.160218
2 0.253968 0.759301 0.213624 0.155010
