1 0.485450 0.409970 0.117063 0.074405
1 0.668816 0.446181 0.120040 0.076389
1 0.756283 0.493180 0.134921 0.081597
1 0.649471 0.567088 0.136243 0.093006
1 0.438657 0.469990 0.117394 0.063988
1 0.510251 0.670511 0.144841 0.089038
0 0.665344 0.282986 0.129630 0.074405
0 0.517196 0.336186 0.125661 0.071181
0 0.475033 0.577505 0.157077 0.103423
1 0.513724 0.800223 0.168320 0.116815
2 0.657077 0.366195 0.148810 0.092014
2 0.717758 0.657490 0.206680 0.137401
2 0.573743 0.496900 0.161376 0.089038
2 0.286541 0.688616 0.206680 0.118800
