1 0.613757 0.155258 0.117063 0.100198
1 0.730655 0.262773 0.106151 0.095982
1 0.617890 0.253472 0.108796 0.096230
1 0.347057 0.124256 0.140542 0.110615
1 0.355324 0.231771 0.137897 0.104415
1 0.237434 0.366691 0.147487 0.113839
1 0.450397 0.408110 0.129630 0.105407
1 0.333168 0.453001 0.140542 0.106399
1 0.251323 0.541295 0.152778 0.107391
1 0.700562 0.500496 0.108796 0.091766
1 0.827216 0.600322 0.100860 0.093006
1 0.712136 0.593998 0.102183 0.090774
1 0.756944 0.677207 0.097884 0.092014
1 0.648148 0.674107 0.111772 0.096230
1 0.478671 0.659598 0.127976 0.102431
1 0.550265 0.735615 0.119709 0.097222
1 0.428241 0.770709 0.132275 0.103423
1 0.456019 0.868924 0.132275 0.107391
1 0.579200 0.829613 0.111442 0.101190
1 0.165179 0.645089 0.157077 0.112599
0 0.518519 0.311384 0.150132 0.122768
0 0.687335 0.769717 0.126653 0.117808
0 0.814153 0.761409 0.118386 0.109623
0 0.788525 0.437004 0.125331 0.109623
2 0.488922 0.183780 0.168320 0.134425
2 0.682540 0.364087 0.144841 0.125000
2 0.583333 0.452381 0.155423 0.125992
2 0.587467 0.580605 0.150463 0.127976
2 0.430390 0.546503 0.169643 0.134177
2 0.322255 0.691716 0.184854 0.141865
4 0.361607 0.332589 0.125331 0.101190
