1 0.315311 0.149182 0.137897 0.104415
1 0.606151 0.157366 0.134921 0.106399
1 0.606812 0.264385 0.130952 0.103175
1 0.739087 0.268477 0.130952 0.107391
1 0.314649 0.250372 0.147156 0.102431
1 0.193287 0.384301 0.141865 0.105407
1 0.404927 0.424479 0.140542 0.105407
1 0.279597 0.468378 0.137897 0.104415
1 0.194775 0.552703 0.147487 0.103423
1 0.109954 0.644221 0.143188 0.106399
1 0.420635 0.682416 0.133598 0.106399
1 0.687996 0.526786 0.136574 0.099206
1 0.698413 0.630208 0.132275 0.101190
1 0.847222 0.645709 0.129630 0.103423
1 0.748677 0.726314 0.130952 0.103423
1 0.614253 0.712922 0.137897 0.105407
1 0.495866 0.767609 0.140542 0.103175
1 0.360946 0.791419 0.140542 0.101190
1 0.385747 0.894221 0.140542 0.108383
1 0.521991 0.870412 0.140542 0.104415
0 0.482804 0.324281 0.161376 0.126240
0 0.657738 0.821925 0.164021 0.123016
0 0.820437 0.829613 0.164021 0.124008
0 0.805060 0.459573 0.158399 0.124008
2 0.461310 0.198165 0.181878 0.138393
2 0.675761 0.380704 0.174934 0.135417
2 0.548942 0.473090 0.177910 0.134177
2 0.374669 0.565104 0.184524 0.138641
2 0.548115 0.606399 0.176257 0.134425
2 0.258102 0.700025 0.188823 0.141617
4 0.319444 0.349082 0.126984 0.093006
