1 0.474578 0.282407 0.101935 0.121032
1 0.578001 0.283069 0.102927 0.117725
1 0.750744 0.347884 0.104663 0.125000
1 0.405258 0.370040 0.110119 0.122354
1 0.521949 0.402447 0.108383 0.126323
1 0.422743 0.502315 0.115823 0.139550
1 0.306548 0.507771 0.116567 0.138558
1 0.179315 0.459325 0.119544 0.134921
1 0.288690 0.660880 0.125000 0.163029
1 0.819444 0.633267 0.117560 0.149471
0 0.282614 0.368717 0.135169 0.152116
0 0.544023 0.554398 0.139633 0.177579
0 0.645957 0.396164 0.132192 0.148148
2 0.857639 0.465443 0.144345 0.171627
2 0.690476 0.567130 0.151786 0.195767
2 0.586186 0.745370 0.165427 0.224206
2 0.428695 0.679233 0.162450 0.214286
2 0.138393 0.631448 0.166171 0.204696
