1 0.466766 0.245701 0.099206 0.130952
1 0.566964 0.245536 0.099206 0.128638
1 0.730531 0.316138 0.102927 0.132275
1 0.508185 0.374339 0.099206 0.133598
1 0.398313 0.342427 0.100198 0.133267
1 0.415303 0.473380 0.102927 0.135913
1 0.311012 0.480820 0.105655 0.133598
1 0.195437 0.432870 0.105655 0.140873
1 0.298735 0.619709 0.108383 0.149471
1 0.770833 0.602017 0.104663 0.145833
0 0.285838 0.337467 0.124752 0.160384
0 0.526538 0.524967 0.123016 0.167659
0 0.626116 0.367394 0.125744 0.156746
2 0.822669 0.442956 0.136905 0.177579
2 0.657490 0.537698 0.136905 0.181217
2 0.557788 0.701885 0.141369 0.193452
2 0.420511 0.640542 0.138641 0.188492
2 0.170139 0.591601 0.137897 0.188492
