1 0.230859 0.143056 0.089844 0.122222
1 0.341016 0.162500 0.091406 0.130556
1 0.453516 0.180556 0.096094 0.141667
1 0.569922 0.180556 0.092969 0.136111
1 0.687109 0.194444 0.091406 0.130556
1 0.803906 0.233333 0.096875 0.136111
1 0.806250 0.386806 0.101562 0.148611
1 0.683594 0.343056 0.101562 0.141667
1 0.557813 0.358333 0.100000 0.144444
1 0.443359 0.350000 0.099219 0.150000
1 0.843750 0.596528 0.109375 0.176389
1 0.863672 0.831250 0.119531 0.209722
3 0.709375 0.601389 0.120313 0.197222
3 0.708594 0.851389 0.128125 0.230556
3 0.550391 0.577778 0.117969 0.186111
3 0.552344 0.830556 0.131250 0.236111
3 0.416016 0.571528 0.117969 0.198611
3 0.408594 0.838889 0.129688 0.236111
0 0.186328 0.304167 0.117969 0.166667
0 0.320312 0.333333 0.123438 0.177778
0 0.294531 0.549306 0.131250 0.206944
0 0.240625 0.827083 0.150000 0.259722
2 0.150000 0.517361 0.145313 0.212500
2 0.081641 0.813889 0.161719 0.280556
