1 0.475391 0.335417 0.082031 0.090278
1 0.464062 0.479167 0.093750 0.113889
1 0.574219 0.350694 0.084375 0.098611
1 0.577344 0.471528 0.096875 0.115278
1 0.583203 0.635417 0.108594 0.143056
1 0.421484 0.650694 0.107031 0.148611
1 0.283203 0.667361 0.105469 0.143056
1 0.258203 0.847917 0.121094 0.184722
1 0.427734 0.823611 0.119531 0.183333
1 0.581250 0.831250 0.120313 0.187500
1 0.698828 0.628472 0.113281 0.148611
1 0.717969 0.813889 0.123438 0.183333
3 0.666016 0.342361 0.094531 0.104167
3 0.777734 0.334722 0.097656 0.105556
3 0.689453 0.461806 0.108594 0.129167
3 0.817969 0.450694 0.109375 0.126389
3 0.840234 0.620833 0.127344 0.163889
3 0.884375 0.813889 0.146875 0.208333
0 0.262500 0.318056 0.096875 0.105556
0 0.367188 0.340278 0.100000 0.108333
0 0.215234 0.435417 0.108594 0.126389
0 0.337500 0.484028 0.112500 0.143056
2 0.169922 0.592361 0.135156 0.179167
2 0.116016 0.815278 0.161719 0.236111
