     0/399     5.19G    0.1209    0.1053   0.05684     0.283       187       640         0         0         0         0         0   0.02542         0
     1/399     4.55G    0.1197    0.1049    0.0561    0.2807       244       640         0         0 0.0007068 0.0001414         0   0.02448         0
     2/399     4.55G    0.1155    0.1054   0.05572    0.2766       154       640         0         0 0.0009608 0.0001799         0   0.02402         0
     3/399     4.55G    0.1126    0.1126   0.05375     0.279       246       640         0         0  0.002527 0.0004114         0   0.02333         0
     4/399     4.55G    0.1078    0.1353   0.05346    0.2965       186       640         0         0  0.006146  0.001199         0    0.0236         0
     5/399     4.55G     0.104    0.1303   0.05344    0.2877       242       640         0         0   0.01023  0.002082         0   0.02436         0
     6/399     4.55G    0.1024    0.1302   0.05199    0.2846       244       640         0         0   0.03262  0.006222         0   0.02546         0
     7/399     4.55G    0.1016    0.1353   0.05194    0.2888       228       640   0.07563  0.007657   0.05034   0.01256         0   0.02757         0
     8/399     4.55G   0.09675    0.1251   0.05186    0.2738       243       640    0.0582   0.03509    0.0631    0.0169         0   0.03119         0
     9/399     4.55G   0.09309    0.1211   0.05169    0.2659       199       640   0.09299    0.1135   0.07811   0.02309         0   0.03711         0
    10/399     4.55G   0.08992    0.1127   0.05002    0.2527       226       640   0.09751    0.3104    0.1016   0.03029         0   0.04388         0
    11/399     4.55G   0.08502    0.1079     0.049    0.2419       226       640   0.07232    0.4789     0.123   0.03555         0   0.05442         0
    12/399     4.55G   0.08177   0.09809   0.04827    0.2281       205       640   0.06201    0.6308    0.1478   0.04352         0   0.06741         0
    13/399     4.55G   0.08034   0.09896    0.0454    0.2247       218       640   0.06243    0.8433    0.1792   0.05211         0   0.08093         0
    14/399     4.55G    0.0742   0.09235   0.04548     0.212       196       640   0.05652     0.893    0.2147   0.06602         0   0.09298         0
    15/399     4.55G   0.07168   0.09963   0.04438    0.2157       241       640   0.05665    0.9349    0.2181   0.07404         0    0.1014         0
    16/399     4.55G   0.06736   0.09143   0.04234    0.2011       255       640   0.05648    0.9379    0.2356   0.08737         0    0.1049         0
    17/399     4.55G   0.06375   0.08001   0.04259    0.1864       178       640   0.06511    0.9611    0.2643   0.09902         0   0.09855         0
    18/399     4.55G   0.06139   0.07643   0.04249    0.1803       177       640    0.0716    0.9651    0.2759    0.1157         0   0.09356         0
    19/399     4.55G   0.06262   0.09724   0.04239    0.2022       310       640   0.06783    0.9709     0.289     0.122         0    0.1077         0
    20/399     4.55G   0.05525   0.07816   0.04034    0.1737       231       640    0.0708    0.9826    0.3072    0.1284         0    0.1071         0
    21/399     4.55G   0.05524    0.0808    0.0396    0.1756       155       640   0.07654         1    0.3443    0.1454         0    0.1099         0
    22/399     4.55G    0.0577   0.08183   0.03972    0.1792       220       640    0.0891         1    0.3795    0.1604         0   0.09706         0
    23/399     4.55G   0.05513   0.07565   0.03926      0.17       186       640    0.1073    0.9884    0.3937    0.1855         0   0.08532         0
    24/399     4.55G   0.05074   0.07621    0.0377    0.1646       200       640     0.108    0.9884    0.4147    0.2021         0   0.09189         0
    25/399     4.55G    0.0511   0.07006    0.0386    0.1598       209       640     0.102    0.9651    0.4364    0.2168         0   0.08392         0
    26/399     4.55G   0.05327   0.07391   0.03897    0.1661       184       640    0.1138    0.9593    0.4132     0.189         0   0.07762         0
    27/399     4.55G    0.0482    0.0677   0.03783    0.1537       220       640    0.1013    0.9477    0.3972    0.2129         0   0.08077         0
    28/399     4.55G   0.05229   0.07601   0.03833    0.1666       280       640   0.09239     0.936    0.4031    0.1981         0   0.08117         0
    29/399     4.55G   0.05168   0.06579   0.03854     0.156       197       640     0.144    0.9302    0.4334    0.2422         0   0.07569         0
    30/399     4.55G   0.05024   0.06988   0.03779    0.1579       176       640    0.1299    0.9477    0.4654    0.2756         0   0.07665         0
    31/399     4.55G    0.0493   0.06701   0.03775    0.1541       168       640    0.1081    0.9535    0.4548    0.1953         0   0.07314         0
    32/399     4.55G   0.04807   0.07666   0.03645    0.1612       219       640    0.1145    0.9593    0.5029    0.2639         0   0.08613         0
    33/399     4.55G   0.05946    0.0748   0.03503    0.1693       228       640   0.04083     0.725    0.1248   0.03625         0   0.07146         0
    34/399     4.55G   0.07822    0.0761   0.03607    0.1904       204       640   0.09923    0.7767    0.3553   0.09086         0    0.0382         0
    35/399     4.55G   0.06895   0.08087   0.03532    0.1851       163       640    0.1007    0.8376    0.4707    0.1223         0   0.04822         0
    36/399     4.55G   0.07223   0.08101   0.03553    0.1888       220       640   0.05601    0.8067    0.3133    0.1003         0   0.06009         0
    37/399     4.55G   0.06655   0.06842   0.03716    0.1721       198       640    0.1038    0.8189    0.4202    0.1623         0   0.04424         0
    38/399     4.55G   0.06568   0.06758   0.03437    0.1676       191       640   0.09098    0.8031     0.424    0.1278         0   0.04544         0
    39/399     4.55G   0.06526   0.06728   0.03469    0.1672       252       640   0.09677    0.8434     0.459    0.1464         0    0.0457         0
    40/399     4.55G    0.0643   0.07347   0.03392    0.1717       253       640   0.08228    0.8663    0.4443    0.1621         0   0.05752         0
    41/399     4.55G    0.0645   0.08609   0.03398    0.1846       236       640   0.06013    0.8438    0.3396   0.08343         0   0.07472         0
    42/399     4.55G   0.06456   0.06981   0.03294    0.1673       245       640   0.07573     0.834    0.3666   0.08437         0   0.05831         0
    43/399     4.55G   0.06522   0.06838   0.03113    0.1647       164       640    0.1092    0.8547    0.4458    0.1699         0   0.05234         0
    44/399     4.55G   0.05987   0.06339    0.0312    0.1545       163       640   0.09939    0.8783    0.4536    0.1369         0   0.05661         0
    45/399     4.55G   0.06573   0.06566   0.03178    0.1632       139       640   0.07448    0.7965    0.4508    0.1143         0   0.05406         0
    46/399     4.55G   0.06471   0.06332   0.03023    0.1583       144       640    0.1298    0.8372    0.5337    0.2412         0   0.05073         0
    47/399     4.55G   0.05867   0.07295   0.03154    0.1632       210       640    0.1009    0.8488    0.4353    0.1168         0   0.06237         0
    48/399     4.55G   0.05662   0.07069   0.02948    0.1568       219       640    0.0956    0.8779    0.4374    0.1833         0   0.07609         0
    49/399     4.55G   0.06334   0.06838   0.03051    0.1622       290       640   0.09648    0.8201    0.3311   0.08584         0   0.05763         0
    50/399     4.55G   0.06212   0.07738   0.02955    0.1691       218       640   0.09581    0.8779    0.4329   0.09901         0   0.07565         0
    51/399     4.55G   0.06442   0.07165   0.02839    0.1645       250       640    0.1066    0.8663     0.471    0.1714         0   0.06893         0
    52/399     4.55G   0.05944   0.06384   0.03019    0.1535       248       640    0.1278    0.8547    0.5163    0.2457         0   0.05899         0
    53/399     4.55G   0.05381   0.06763    0.0283    0.1497       245       640   0.09603    0.8663    0.4988    0.2474         0   0.07038         0
    54/399     4.55G    0.0583   0.07058     0.027    0.1559       213       640    0.1669    0.9593    0.5457    0.2399         0    0.0701         0
    55/399     4.55G   0.05406    0.0669   0.02688    0.1478       193       640    0.1422     0.936    0.4988    0.2524         0   0.07356         0
    56/399     4.55G   0.05419   0.07409   0.02707    0.1553       223       640    0.1173    0.9477    0.4454    0.2037         0   0.08409         0
    57/399     4.55G   0.05902   0.07742   0.02781    0.1642       268       640    0.1199    0.8492    0.4965    0.1442         0   0.06891         0
    58/399     4.55G   0.05427   0.06647    0.0273     0.148       201       640    0.1668    0.8953    0.5267    0.2359         0   0.07069         0
    59/399     4.55G   0.05468   0.06513    0.0267    0.1465       202       640     0.113     0.936    0.4904    0.1687         0   0.07834         0
    60/399     4.55G   0.05728   0.06291     0.028    0.1482       169       640    0.1186    0.8492    0.4632    0.2632         0   0.06352         0
    61/399     4.55G   0.05301   0.06993   0.02559    0.1485       208       640   0.09494    0.9826    0.4303    0.1778         0   0.08269         0
    62/399     4.55G   0.05223   0.07127   0.02719    0.1507       152       640    0.1422    0.9709    0.5628    0.2059         0   0.08139         0
    63/399     4.55G   0.05321   0.06415   0.02676    0.1441       217       640    0.1396    0.9767     0.525    0.2105         0   0.07149         0
    64/399     4.55G   0.04268   0.06727   0.02671    0.1367       192       640    0.1247         1     0.572    0.2668         0    0.1012         0
    65/399     4.55G   0.05599   0.07937   0.02613    0.1615       304       640    0.2052    0.9884     0.612    0.2786         0   0.06964         0
    66/399     4.55G   0.04634   0.05793   0.02674     0.131       129       640    0.1425         1    0.5826    0.3002         0   0.08823         0
    67/399     4.55G   0.05301   0.06418   0.02713    0.1443       211       640     0.194    0.9942    0.6506    0.2931         0     0.076         0
    68/399     4.55G   0.04575   0.06246   0.02536    0.1336       158       640    0.1658    0.9942    0.6351    0.3786         0   0.08942         0
    69/399     4.55G   0.05187   0.06507   0.02508     0.142       261       640    0.2284    0.9942    0.6434    0.3421         0   0.07004         0
    70/399     4.55G   0.04295   0.05945   0.02557     0.128       257       640    0.1402         1     0.638    0.3299         0   0.09726         0
    71/399     4.55G   0.05177   0.06581   0.02466    0.1422       186       640    0.1353         1    0.5653    0.1635         0   0.07582         0
    72/399     4.55G   0.05554   0.06948   0.02489    0.1499       256       640    0.1821         1    0.6451    0.2166         0   0.07293         0
    73/399     4.55G   0.05191   0.07306   0.02319    0.1482       171       640    0.1326     0.992     0.555    0.2513         0   0.08801         0
    74/399     4.55G   0.05656   0.06577   0.02384    0.1462       191       640    0.1953    0.9826    0.6773     0.394         0   0.06758         0
    75/399     4.55G   0.04798   0.05952    0.0258    0.1333       189       640    0.1869    0.9884    0.6314    0.1945         0   0.08403         0
    76/399     4.55G   0.05205   0.06047   0.02436    0.1369       160       640     0.248    0.9884     0.685    0.4263         0   0.07653         0
    77/399     4.55G   0.04865   0.06095    0.0253    0.1349       152       640    0.2092    0.9942    0.6847    0.3072         0    0.0789         0
    78/399     4.55G    0.0448   0.06765   0.02415    0.1366       218       640    0.1783         1    0.7321    0.3527         0    0.1005         0
    79/399     4.55G   0.04433    0.0566     0.024    0.1249       183       640    0.1632         1    0.6359    0.2587         0   0.08804         0
    80/399     4.55G   0.04448     0.071   0.02355     0.139       262       640    0.1941         1    0.6701    0.3909         0    0.0952         0
    81/399     4.55G   0.04566   0.06078   0.02256     0.129       236       640    0.1965         1    0.6768    0.3723         0   0.08547         0
    82/399     4.55G   0.04062   0.05374   0.02278    0.1171       229       640     0.198         1    0.7353    0.3718         0   0.08943         0
    83/399     4.55G   0.04295    0.0639   0.02328    0.1301       202       640    0.2424         1    0.7249    0.3505         0   0.09268         0
    84/399     4.55G   0.04167   0.05674   0.02227    0.1207       169       640    0.2522         1    0.7207    0.3748         0   0.09224         0
    85/399     4.55G   0.04551   0.06605   0.02074    0.1323       247       640    0.1932         1     0.666    0.2954         0    0.0891         0
    86/399     4.55G   0.03948   0.06571    0.0225    0.1277       238       640    0.2947         1    0.7893    0.4438         0   0.09977         0
    87/399     4.55G   0.04776   0.06745   0.02353    0.1387       216       640    0.2261         1    0.6727    0.3757         0   0.07388         0
    88/399     4.55G   0.04529   0.06236   0.02136     0.129       155       640    0.3154         1      0.75    0.4961         0   0.08247         0
    89/399     4.55G    0.0394   0.05556   0.02218    0.1171       147       640    0.2227         1    0.6426     0.265         0   0.09484         0
    90/399     4.55G   0.04389   0.06371   0.02134    0.1289       191       640    0.2649         1    0.7419    0.4355         0    0.1001         0
    91/399     4.55G   0.04734   0.06984   0.02172    0.1389       242       640    0.3128         1    0.7607    0.4788         0   0.07965         0
    92/399     4.55G   0.04624    0.0613   0.02193    0.1295       202       640     0.339         1    0.7679    0.4349         0   0.08625         0
    93/399     4.55G   0.04074   0.06431   0.02223    0.1273       219       640    0.3147         1     0.777    0.3899         0    0.1041         0
    94/399     4.55G   0.04483    0.0601    0.0216    0.1265       156       640    0.2595         1    0.7445    0.4668         0   0.08253         0
    95/399     4.55G   0.03991    0.0686   0.02046     0.129       280       640    0.3023         1    0.7744    0.5379         0   0.08514         0
    96/399     4.55G   0.03391   0.05357   0.02114    0.1086       257       640    0.2256         1    0.7165    0.3324         0    0.1091         0
    97/399     4.55G   0.04414   0.05791   0.01921    0.1213       151       640    0.2372    0.9946    0.7238    0.3378         0     0.079         0
    98/399     4.55G   0.04001   0.05896   0.01789    0.1169       158       640    0.2559         1    0.6985    0.3834         0   0.09521         0
    99/399     4.55G   0.04164   0.06273   0.02001    0.1244       262       640    0.2826    0.9826    0.7539    0.5015         0   0.09238         0
   100/399     4.55G     0.036   0.05626   0.01858    0.1108       221       640    0.1738    0.9593    0.5367    0.1298         0    0.1047         0
   101/399     4.55G   0.05148   0.06125   0.01847    0.1312       188       640    0.2097    0.9517    0.5707    0.2521         0   0.07749         0
   102/399     4.55G   0.05223   0.07194   0.01866    0.1428       193       640     0.222    0.9467     0.609    0.1476         0   0.08623         0
   103/399     4.55G   0.05278   0.08514    0.0196    0.1575       222       640    0.2794    0.9767    0.7391    0.3338         0   0.08412         0
   104/399     4.55G   0.04616   0.07395   0.01931    0.1394       201       640      0.22    0.9651    0.6543    0.2788         0   0.07546         0
   105/399     4.55G   0.04735   0.07527   0.01885    0.1415       252       640    0.1894    0.9974    0.6636    0.3376         0   0.08309         0
   106/399     4.55G   0.04168   0.06771   0.01861     0.128       196       640    0.1747         1    0.6697    0.3331         0   0.09924         0
   107/399     4.55G   0.05199   0.06278   0.01729    0.1321       212       640    0.1452         1    0.6363    0.2742         0   0.08402         0
   108/399     4.55G   0.05361   0.06373   0.01768     0.135       258       640    0.2355         1    0.7367    0.3678         0   0.07214         0
   109/399     4.55G   0.04759   0.06568   0.01728    0.1305       245       640    0.2702         1    0.7343    0.4621         0   0.09921         0
   110/399     4.55G   0.04603   0.06898   0.01802     0.133       255       640    0.1705    0.9884    0.6525    0.3513         0   0.09464         0
   111/399     4.55G   0.04882   0.05939    0.0171    0.1253       195       640     0.181    0.9767    0.6746     0.217         0    0.0806         0
   112/399     4.55G    0.0464   0.06332   0.01678    0.1265       163       640    0.2974    0.9826     0.747    0.4199         0   0.08543         0
   113/399     4.55G   0.04338   0.05856   0.01763    0.1196       219       640    0.2209    0.9826    0.6558    0.2459         0   0.09725         0
   114/399     4.55G   0.04617   0.05873   0.01643    0.1213       190       640    0.2259    0.9767    0.7022    0.3931         0   0.09128         0
   115/399     4.55G    0.0405   0.06355    0.0157    0.1198       164       640    0.2678    0.9826    0.7478    0.3196         0   0.08898         0
   116/399     4.55G   0.04626   0.06391   0.01553    0.1257       169       640     0.246    0.9826    0.6385    0.3265         0   0.08796         0
   117/399     4.55G   0.04724   0.06646    0.0167    0.1304       180       640    0.2501    0.9746    0.6464     0.378         0   0.08072         0
   118/399     4.55G   0.04024   0.06067   0.01568    0.1166       181       640    0.2687    0.9884    0.7809    0.3193         0     0.091         0
   119/399     4.55G   0.04394   0.06104   0.01474    0.1197       173       640    0.2686    0.9767    0.6685    0.3698         0   0.08483         0
   120/399     4.55G   0.03929   0.05904   0.01524    0.1136       201       640    0.3203    0.9535    0.7719    0.4711         0    0.1025         0
   121/399     4.55G   0.03895   0.05638   0.01433    0.1097       188       640    0.2549    0.9884    0.7545    0.3412         0   0.08821         0
   122/399     4.55G   0.04442   0.06402   0.01447    0.1229       157       640    0.2066    0.9942    0.6758     0.279         0   0.09732         0
   123/399     4.55G   0.05099   0.06563   0.01489    0.1315       226       640    0.2822    0.9942    0.7732    0.4299         0    0.0772         0
   124/399     4.55G   0.03706   0.06727   0.01433    0.1187       246       640    0.3973    0.9651     0.837    0.5506         0    0.1009         0
   125/399     4.55G    0.0434   0.07221   0.01413    0.1297       227       640    0.2685    0.9536    0.6824    0.2918         0    0.1002         0
   126/399     4.55G   0.04672   0.07169    0.0144    0.1328       213       640    0.3435    0.8837    0.7226    0.2954         0   0.08846         0
   127/399     4.55G   0.04408   0.06162     0.014    0.1197       173       640    0.3725    0.9419    0.8002    0.3402         0   0.08794         0
   128/399     4.55G   0.04484   0.06373   0.01354    0.1221       313       640    0.2968    0.9767    0.7018    0.3917         0   0.09247         0
   129/399     4.55G   0.04184   0.06154   0.01259     0.116       206       640    0.2874    0.9942    0.7478    0.4485         0   0.08671         0
   130/399     4.55G   0.03668   0.06206   0.01352    0.1123       191       640    0.3049         1    0.7821    0.4743         0    0.1032         0
   131/399     4.55G   0.04596   0.06889   0.01275    0.1276       236       640    0.2876         1    0.7229    0.4486         0   0.09149         0
   132/399     4.55G    0.0436   0.05977   0.01342    0.1168       161       640    0.2897    0.9942    0.7511    0.4056         0   0.08937         0
   133/399     4.55G   0.04335   0.06548   0.01206    0.1209       229       640    0.3283    0.9767    0.8221    0.5613         0   0.08778         0
   134/399     4.55G    0.0439   0.06521   0.01249    0.1216       196       640    0.3313    0.9651    0.8271    0.5591         0   0.08566         0
   135/399     4.55G   0.04649   0.05714   0.01289    0.1165       195       640    0.4388    0.9477    0.8765    0.5552         0    0.0782         0
   136/399     4.55G   0.03555   0.05797    0.0121    0.1056       187       640    0.5185    0.9477     0.866    0.5099         0   0.09699         0
   137/399     4.55G   0.03833   0.05752    0.0121    0.1079       165       640    0.3698    0.9244    0.7385    0.4058         0    0.1012         0
   138/399     4.55G   0.03855   0.06528   0.01237    0.1162       214       640    0.5338    0.9128    0.8827    0.6194         0   0.09028         0
   139/399     4.55G   0.03525   0.05561   0.01132    0.1022       184       640    0.4937    0.9012     0.822    0.3885         0   0.09177         0
   140/399     4.55G   0.04295   0.06796   0.01096    0.1219       185       640    0.3962    0.9165    0.7834    0.3869         0   0.08875         0
   141/399     4.55G   0.04137   0.07423   0.01174    0.1273       216       640     0.388    0.8895    0.8014    0.4917         0    0.1009         0
   142/399     4.55G   0.03604   0.06683   0.01119    0.1141       223       640    0.4905    0.8895     0.817    0.4742         0   0.09705         0
   143/399     4.55G   0.03772   0.06174  0.009951    0.1094       222       640    0.4116    0.9477    0.8187    0.4653         0    0.0989         0
   144/399     4.55G   0.03813   0.06272  0.009684    0.1105       228       640    0.4018    0.9651     0.873    0.5326         0    0.1088         0
   145/399     4.55G   0.03871    0.0561  0.009704    0.1045       216       640    0.4249    0.9826     0.865    0.5103         0    0.1044         0
   146/399     4.55G   0.04209   0.06347   0.01009    0.1156       266       640    0.3424    0.9826    0.7724    0.4138         0   0.09219         0
   147/399     4.55G   0.04284   0.06212   0.01025    0.1152       222       640    0.4499    0.9767    0.8028    0.4452         0   0.09473         0
   148/399     4.55G    0.0389    0.0593  0.009038    0.1072       233       640     0.591    0.9651    0.8587    0.5089         0   0.09783         0
   149/399     4.55G   0.03992   0.06116  0.009136    0.1102       187       640    0.5116    0.9549    0.8697    0.5107         0    0.1013         0
   150/399     4.55G   0.03968   0.06353  0.009411    0.1126       261       640    0.5643     0.896    0.8649     0.531         0   0.08862         0
   151/399     4.55G   0.03096   0.06151   0.01055     0.103       225       640    0.4969    0.9012    0.8351    0.4327         0    0.1185         0
   152/399     4.55G   0.03951   0.06325  0.009845    0.1126       136       640    0.4559     0.936    0.7817    0.3681         0    0.1006         0
   153/399     4.55G   0.04162   0.06695  0.009663    0.1182       285       640     0.455    0.9593    0.8886    0.5745         0   0.09723         0
   154/399     4.55G   0.03384   0.06146   0.01048    0.1058       245       640    0.6247    0.9709    0.9386    0.6727         0    0.1095         0
   155/399     4.55G   0.03228   0.05384  0.008718   0.09484       208       640    0.6223    0.9826    0.9259    0.6656         0    0.1104         0
   156/399     4.55G   0.03374   0.05492  0.008948    0.0976       177       640    0.4943    0.9884    0.9084    0.6629         0    0.1114         0
   157/399     4.55G   0.03339   0.05994  0.008105    0.1014       214       640    0.5334    0.9862    0.9176    0.4625         0    0.1059         0
   158/399     4.55G   0.03988   0.07375  0.009278    0.1229       180       640    0.6021    0.9862    0.9225     0.519         0    0.1056         0
   159/399     4.55G   0.04757   0.08471   0.00918    0.1415       279       640    0.4569    0.9716    0.8321    0.4951         0   0.08554         0
   160/399     4.55G   0.03242   0.06302  0.008539     0.104       187       640    0.5562    0.9884    0.9357    0.7066         0   0.09922         0
   161/399     4.55G   0.02965   0.06057  0.007849   0.09807       214       640     0.531    0.9884    0.9367    0.5885         0    0.1148         0
   162/399     4.55G   0.03464   0.06569  0.007146    0.1075       226       640    0.5461    0.9826    0.9228    0.6743         0    0.1142         0
   163/399     4.55G   0.03077   0.05003   0.00785   0.08865       171       640    0.5839    0.9713    0.9049    0.6715         0    0.1094         0
   164/399     4.55G   0.03743   0.05698  0.008446    0.1029       192       640    0.3751    0.9593    0.8142    0.3706         0    0.1105         0
   165/399     4.55G   0.04256   0.05686  0.006681    0.1061       199       640    0.3825    0.9139    0.6677    0.3855         0    0.0934         0
   166/399     4.55G   0.03825   0.06043  0.008293     0.107       164       640    0.4822    0.8661    0.7297    0.4723         0   0.09494         0
   167/399     4.55G   0.03402   0.05089  0.009355   0.09427       134       640    0.5564    0.8778     0.782    0.5579         0    0.1031         0
   168/399     4.55G   0.02892   0.05224  0.007903   0.08906       226       640    0.4275    0.9571     0.772    0.4665         0    0.1226         0
   169/399     4.55G   0.04209   0.06211   0.00774    0.1119       205       640     0.499    0.9651    0.8468    0.5556         0     0.107         0
   170/399     4.55G   0.03891   0.07113  0.007935     0.118       155       640    0.5655    0.9637    0.8941    0.6327         0   0.09734         0
   171/399     4.55G   0.03046   0.06255  0.007978     0.101       216       640    0.6497    0.9602    0.9383    0.5753         0   0.09292         0
   172/399     4.55G   0.02608   0.05744  0.009277    0.0928       241       640    0.5041    0.9746    0.8634    0.4917         0    0.1141         0
   173/399     4.55G   0.03614    0.0603  0.007404    0.1038       178       640    0.4844    0.9739    0.8844    0.6368         0   0.09951         0
   174/399     4.55G   0.03819   0.06827  0.008565     0.115       244       640    0.4821    0.9709     0.899    0.6055         0   0.09184         0
   175/399     4.55G   0.02978   0.05546  0.007707   0.09295       226       640    0.5501    0.9725    0.9093    0.7276         0     0.088         0
   176/399     4.55G   0.02599   0.05077  0.007199   0.08396       214       640    0.6284    0.9709    0.9007    0.5911         0    0.1101         0
   177/399     4.55G   0.03533   0.06026  0.006964    0.1026       239       640    0.4537    0.9809    0.8327     0.389         0    0.1094         0
   178/399     4.55G   0.04413   0.06667  0.007549    0.1183       216       640    0.4514    0.9746    0.8206     0.474         0   0.09802         0
   179/399     4.55G   0.03143   0.05979  0.006999   0.09822       221       640    0.6155    0.9807    0.9289    0.6709         0   0.09506         0
   180/399     4.55G   0.02779   0.05442  0.007932   0.09014       250       640    0.5708    0.9826      0.91    0.7124         0    0.1067         0
   181/399     4.55G   0.03653   0.05907  0.007201    0.1028       233       640    0.4679    0.9826    0.8952    0.5762         0   0.09992         0
   182/399     4.55G   0.03924   0.05928  0.007298    0.1058       267       640    0.6341    0.9647    0.9234     0.672         0   0.08988         0
   183/399     4.55G   0.03078   0.04969  0.006861   0.08733       150       640     0.638     0.952    0.9211    0.6856         0   0.08816         0
   184/399     4.55G   0.02752    0.0583  0.007386   0.09321       261       640    0.5159    0.8917    0.8455     0.539         0    0.1115         0
   185/399     4.55G   0.04434   0.06605  0.007262    0.1177       255       640    0.5911    0.8919    0.8867    0.4394         0   0.09321         0
   186/399     4.55G   0.04371   0.06439  0.006987    0.1151       265       640     0.387    0.8866    0.7376    0.3785         0   0.08223         0
   187/399     4.55G   0.03574   0.05851  0.006901    0.1012       197       640    0.4814    0.8844    0.7789    0.4174         0   0.07917         0
   188/399     4.55G   0.03055   0.04989  0.008586   0.08903       168       640    0.5503    0.9491    0.8967    0.6439         0   0.09207         0
   189/399     4.55G   0.03327   0.05641  0.007351   0.09703       156       640    0.5902    0.9053    0.8613    0.6075         0   0.09994         0
   190/399     4.55G   0.03763    0.0632  0.007649    0.1085       230       640    0.6193    0.8962    0.8844    0.5673         0   0.09921         0
   191/399     4.55G   0.03142   0.05814  0.008076   0.09763       181       640    0.6329    0.8634    0.8818    0.5621         0    0.1003         0
   192/399     4.55G   0.02618   0.04723  0.008133   0.08154       232       640    0.7045    0.9302    0.9467    0.6324         0    0.1162         0
   193/399     4.55G   0.03799   0.06599  0.007083    0.1111       216       640    0.5056     0.936    0.8603    0.5759         0    0.1137         0
   194/399     4.55G   0.04385   0.06982  0.007086    0.1208       220       640    0.4763    0.9273    0.8678    0.5347         0    0.1005         0
   195/399     4.55G   0.03185   0.06016  0.007589   0.09959       252       640    0.5542    0.9389    0.8991    0.5836         0    0.1004         0
   196/399     4.55G   0.02621   0.05181  0.006886   0.08491       199       640    0.4871    0.9589    0.8665    0.6428         0     0.116         0
   197/399     4.55G   0.03404   0.06091  0.006661    0.1016       238       640    0.4773     0.976     0.887    0.6628         0    0.1113         0
   198/399     4.55G   0.03533   0.05788  0.005932   0.09914       209       640    0.5483     0.976    0.9214    0.6878         0   0.09959         0
   199/399     4.55G    0.0265   0.05406  0.005865   0.08643       215       640    0.5719     0.976    0.9183    0.6777         0    0.1035         0
   200/399     4.55G   0.02241   0.05452  0.006635   0.08356       188       640     0.646    0.9818    0.9364    0.7338         0    0.1241         0
   201/399     4.55G   0.03471   0.06114  0.005611    0.1015       215       640    0.3706    0.9874    0.8153     0.482         0    0.1232         0
   202/399     4.55G   0.04111    0.0759  0.006847    0.1239       242       640    0.5308    0.9756    0.8697    0.5888         0    0.1003         0
   203/399     4.55G   0.02619    0.0574  0.006895   0.09049       129       640    0.6438    0.9796    0.9344    0.7441         0   0.09648         0
   204/399     4.55G   0.02213   0.04885  0.006008   0.07699       213       640    0.5776    0.9796    0.8984     0.571         0    0.1113         0
   205/399     4.55G   0.03354   0.05478  0.007254   0.09558       207       640    0.6594    0.9752    0.9487    0.7642         0    0.1081         0
   206/399     4.55G    0.0313   0.05203  0.005569   0.08889       160       640    0.6726    0.9533     0.917    0.7583         0    0.1094         0
   207/399     4.55G   0.02604   0.05367  0.006557   0.08627       217       640    0.6747    0.9524    0.9122    0.7662         0     0.113         0
   208/399     4.55G   0.01957   0.04238  0.006443   0.06839       141       640    0.6723    0.9766    0.9329    0.7316         0    0.1245         0
   209/399     4.55G   0.03154   0.06295   0.00599    0.1005       194       640    0.6433    0.9869    0.9511    0.6968         0    0.1196         0
   210/399     4.55G   0.03537     0.062  0.006014    0.1034       213       640    0.6415     0.992    0.9629    0.7815         0    0.1093         0
   211/399     4.55G   0.02399   0.04995  0.006281   0.08022       190       640    0.7071    0.9724    0.9674    0.7906         0    0.1086         0
   212/399     4.55G   0.02116   0.05011  0.006085   0.07736       211       640    0.6784      0.95    0.9559    0.8245         0    0.1214         0
   213/399     4.55G   0.02807   0.05565  0.006187   0.08992       187       640    0.5392    0.9177    0.8863    0.6316         0    0.1254         0
   214/399     4.55G   0.03587   0.07089  0.006056    0.1128       254       640    0.6236    0.8991    0.9272    0.7718         0    0.1115         0
   215/399     4.55G     0.027   0.05531  0.006339   0.08865       275       640    0.6201    0.9037    0.9332    0.8287         0    0.1058         0
   216/399     4.55G   0.01987   0.04404  0.006293   0.07021       184       640    0.6332    0.9642    0.9664    0.7825         0    0.1167         0
   217/399     4.55G   0.02627   0.04562  0.005448   0.07733       209       640     0.625    0.9846    0.9579    0.6095         0    0.1171         0
   218/399     4.55G   0.03497   0.05439  0.005092   0.09446       203       640     0.623    0.9912    0.9631    0.7617         0    0.1072         0
   219/399     4.55G   0.02865   0.05312  0.005905   0.08768       217       640    0.6625    0.9978    0.9726    0.8244         0    0.1058         0
   220/399     4.55G   0.02482   0.04708   0.00543   0.07734       228       640    0.6411         1    0.9691    0.7554         0    0.1176         0
   221/399     4.55G   0.02977   0.05322  0.004925   0.08791       179       640    0.5023    0.9978    0.9348    0.6081         0    0.1225         0
   222/399     4.55G   0.03955   0.06107  0.005718    0.1063       172       640    0.6542    0.9934    0.9695    0.7104         0    0.1072         0
   223/399     4.55G   0.02708   0.06237  0.005695   0.09514       291       640    0.6942    0.9934    0.9743     0.849         0     0.102         0
   224/399     4.55G   0.02179   0.05229  0.005215   0.07929       232       640    0.6131    0.9978    0.9563    0.6616         0    0.1143         0
   225/399     4.55G   0.02838   0.05456  0.004845   0.08779       280       640    0.6954    0.9898     0.972    0.7142         0    0.1123         0
   226/399     4.55G   0.02877   0.05374   0.00553   0.08804       254       640    0.7139     0.992    0.9759    0.7825         0    0.1099         0
   227/399     4.55G   0.02274   0.04729  0.005213   0.07525       202       640    0.7222    0.9942    0.9762    0.8048         0     0.112         0
   228/399     4.55G   0.01833    0.0469  0.004835   0.07006       244       640    0.7008    0.9884    0.9739     0.799         0    0.1225         0
   229/399     4.55G   0.02829   0.05321  0.005101    0.0866       216       640    0.6524    0.9914     0.964    0.6657         0    0.1245         0
   230/399     4.55G   0.03204   0.05789  0.005133   0.09506       286       640    0.6875    0.9818    0.9598    0.7883         0    0.1147         0
   231/399     4.55G   0.02295   0.04727  0.004477    0.0747       221       640    0.6975    0.9818    0.9565    0.8192         0    0.1113         0
   232/399     4.55G   0.01933   0.04367   0.00474   0.06774       171       640    0.7132    0.9912    0.9495    0.7625         0    0.1235         0
   233/399     4.55G     0.028   0.04589  0.003972   0.07787       160       640    0.6969    0.9912    0.9467    0.6088         0      0.12         0
   234/399     4.55G    0.0288    0.0477  0.004479   0.08098       167       640    0.7016    0.9902    0.9448    0.7059         0     0.115         0
   235/399     4.55G   0.02203   0.04254  0.004907   0.06948       245       640    0.7081     0.988    0.9469    0.7947         0     0.114         0
   236/399     4.55G   0.01866   0.04557  0.005041   0.06927       245       640    0.7012    0.9888    0.9539    0.7681         0    0.1234         0
   237/399     4.55G     0.025   0.04551  0.005714   0.07622       144       640    0.6999    0.9858    0.9509    0.7506         0    0.1252         0
   238/399     4.55G    0.0269    0.0514  0.004786   0.08309       225       640    0.7028    0.9934    0.9583    0.8045         0     0.123         0
   239/399     4.55G   0.01951   0.04235  0.004692   0.06656       168       640    0.7157    0.9911    0.9697    0.8345         0    0.1214         0
   240/399     4.55G   0.01541   0.04134  0.004408   0.06116       205       640     0.735     0.989    0.9807     0.777         0    0.1318         0
   241/399     4.55G   0.02631   0.05052  0.004298   0.08113       213       640     0.746    0.9978    0.9847    0.6773         0    0.1302         0
   242/399     4.55G   0.03076   0.05305  0.004147   0.08796       249       640    0.7685    0.9978    0.9835    0.7801         0    0.1235         0
   243/399     4.55G   0.02084   0.04024  0.004659   0.06573       196       640    0.7878     0.998    0.9836    0.8741         0    0.1211         0
   244/399     4.55G   0.01677    0.0396  0.003911   0.06028       158       640    0.7787    0.9884    0.9795    0.8214         0    0.1294         0
   245/399     4.55G   0.02501   0.04431  0.004312   0.07363       202       640    0.7901    0.9884    0.9775    0.8032         0    0.1309         0
   246/399     4.55G   0.02411   0.04313  0.004324   0.07157       210       640    0.7952    0.9884    0.9776    0.8378         0    0.1263         0
   247/399     4.55G   0.02039   0.04028  0.005191   0.06586       171       640    0.7748    0.9884    0.9711    0.8562         0    0.1246         0
   248/399     4.55G   0.01875   0.04687   0.00495   0.07056       251       640    0.7529    0.9805    0.9658    0.8124         0    0.1305         0
   249/399     4.55G   0.02497   0.04554  0.004237   0.07475       217       640    0.7292    0.9818    0.9713    0.7675         0    0.1298         0
   250/399     4.55G   0.02604   0.05758  0.004104   0.08772       277       640    0.7262    0.9876     0.972    0.8402         0    0.1262         0
   251/399     4.55G   0.01808   0.04635  0.004185   0.06861       250       640    0.7265    0.9912      0.97    0.8608         0    0.1257         0
   252/399     4.55G   0.01502   0.03623  0.004214   0.05546       158       640     0.716    0.9846    0.9643     0.863         0     0.134         0
   253/399     4.55G   0.02076   0.04646  0.004117   0.07133       166       640    0.7128    0.9866    0.9593    0.8002         0    0.1378         0
   254/399     4.55G   0.02829   0.04985  0.004579   0.08272       288       640    0.7112    0.9759    0.9634    0.7479         0    0.1349         0
   255/399     4.55G   0.02234   0.04926  0.005027   0.07663       203       640    0.7078    0.9561    0.9559    0.7718         0    0.1321         0
   256/399     4.55G   0.01676   0.03826  0.004599   0.05962       167       640    0.7139     0.989    0.9699    0.8388         0    0.1328         0
   257/399     4.55G   0.02384   0.04485  0.004413    0.0731       174       640    0.7291    0.9934    0.9694    0.8103         0    0.1313         0
   258/399     4.55G    0.0242   0.04885  0.004188   0.07725       164       640    0.7342    0.9833    0.9647    0.8259         0    0.1265         0
   259/399     4.55G   0.01597    0.0397  0.004544   0.06022       169       640    0.7438    0.9811     0.965    0.8409         0    0.1263         0
   260/399     4.55G    0.0157    0.0406  0.004681   0.06099       197       640    0.7546    0.9866    0.9642    0.8235         0    0.1328         0
   261/399     4.55G   0.02351   0.04576  0.003883   0.07316       217       640    0.7539    0.9926    0.9646    0.7613         0     0.132         0
   262/399     4.55G   0.02658   0.04774  0.004273   0.07859       162       640    0.7636    0.9884    0.9694    0.8175         0    0.1254         0
   263/399     4.55G   0.01686    0.0368  0.004652    0.0583       186       640    0.7551    0.9825    0.9699    0.8658         0    0.1225         0
   264/399     4.55G   0.01469   0.03982  0.004821   0.05933       253       640    0.7425    0.9702    0.9637    0.8466         0    0.1279         0
   265/399     4.55G   0.02231   0.05162  0.004085   0.07801       261       640    0.7408    0.9724    0.9564    0.7756         0    0.1334         0
   266/399     4.55G   0.02351   0.04038  0.003847   0.06774       187       640    0.7465    0.9724    0.9633    0.8354         0    0.1309         0
   267/399     4.55G   0.01815   0.04515   0.00418   0.06748       277       640    0.7341    0.9724    0.9629    0.8407         0     0.132         0
   268/399     4.55G   0.01702   0.04519  0.004314   0.06653       244       640    0.7235    0.9665    0.9566    0.8247         0    0.1381         0
   269/399     4.55G   0.02355   0.04692  0.004696   0.07516       178       640    0.7254    0.9457    0.9558    0.7246         0    0.1369         0
   270/399     4.55G   0.02351   0.04171  0.003997   0.06921       188       640    0.7318    0.9411    0.9555    0.7801         0    0.1323         0
   271/399     4.55G   0.01711   0.04329  0.004657   0.06505       213       640    0.7361    0.9568     0.958    0.8545         0    0.1301         0
   272/399     4.55G    0.0157   0.03693  0.004309   0.05693       173       640    0.7167    0.9774    0.9686    0.8028         0    0.1355         0
   273/399     4.55G   0.02389   0.04316  0.003945     0.071       137       640    0.7142    0.9796    0.9729    0.7142         0    0.1338         0
   274/399     4.55G   0.02478   0.04339  0.004334   0.07251       188       640    0.7273    0.9796    0.9765    0.8201         0    0.1278         0
   275/399     4.55G   0.01681   0.03814  0.004197   0.05914       154       640    0.7266    0.9796    0.9765    0.8643         0    0.1259         0
   276/399     4.55G   0.01537   0.04052  0.004113      0.06       220       640    0.7284    0.9779    0.9763     0.848         0    0.1318         0
   277/399     4.55G   0.02134   0.04476  0.003617   0.06971       233       640    0.7214    0.9854    0.9723    0.7982         0    0.1343         0
   278/399     4.55G   0.02256   0.04712  0.003482   0.07317       202       640    0.7152    0.9854    0.9687    0.8319         0    0.1323         0
   279/399     4.55G   0.01783   0.03881  0.004114   0.06075       168       640    0.7212    0.9851    0.9687    0.8138         0    0.1334         0
   280/399     4.55G   0.01435   0.03454  0.003883   0.05277       201       640     0.736     0.984    0.9702    0.8365         0    0.1385         0
   281/399     4.55G    0.0223   0.03971  0.004074   0.06608       231       640    0.7387    0.9891    0.9695    0.8069         0    0.1397         0
   282/399     4.55G   0.02302   0.04423  0.003996   0.07124       156       640    0.7411    0.9886    0.9687    0.8453         0    0.1344         0
   283/399     4.55G    0.0159     0.041  0.003755   0.06065       224       640    0.7437     0.989    0.9684    0.8696         0    0.1334         0
   284/399     4.55G   0.01476   0.04116  0.003862   0.05979       284       640    0.7326    0.9818    0.9679    0.8286         0    0.1383         0
   285/399     4.55G   0.02139   0.04203  0.003953   0.06737       202       640     0.728    0.9816    0.9692    0.8415         0    0.1411         0
   286/399     4.55G   0.02207    0.0447  0.003169   0.06994       219       640    0.7387    0.9752    0.9699    0.8472         0    0.1389         0
   287/399     4.55G   0.01739   0.03874  0.003658   0.05979       211       640    0.7361     0.973    0.9695    0.8496         0    0.1385         0
   288/399     4.55G   0.01613   0.04028  0.003763   0.06017       160       640    0.7262    0.9752    0.9688    0.8775         0    0.1424         0
   289/399     4.55G    0.0213   0.04781  0.003725   0.07283       254       640    0.7358     0.973     0.967    0.8438         0    0.1434         0
   290/399     4.55G   0.02176   0.04484  0.003897    0.0705       241       640    0.7387    0.9708    0.9705    0.9027         0    0.1395         0
   291/399     4.55G    0.0151    0.0395  0.003985   0.05859       253       640    0.7364     0.971    0.9725    0.9032         0    0.1387         0
   292/399     4.55G   0.01343   0.03881  0.003414   0.05565       207       640    0.7225    0.9708    0.9725    0.8848         0    0.1433         0
   293/399     4.55G   0.01872   0.04272   0.00345   0.06489       211       640    0.7425    0.9752     0.974    0.8606         0    0.1444         0
   294/399     4.55G   0.01795   0.04124  0.003466   0.06265       200       640     0.744    0.9809    0.9745      0.89         0    0.1432         0
   295/399     4.55G   0.01596   0.03995  0.004284   0.06019       203       640    0.7395    0.9804    0.9774    0.9047         0     0.143         0
   296/399     4.55G   0.01301   0.03367  0.003221   0.04991       197       640    0.7529    0.9804    0.9812    0.8607         0    0.1483         0
   297/399     4.55G   0.01995   0.04305  0.004231   0.06723       218       640    0.7433    0.9782    0.9814    0.7972         0    0.1497         0
   298/399     4.55G   0.02307   0.04456  0.003576   0.07121       230       640    0.7392    0.9755    0.9807    0.8192         0    0.1458         0
   299/399     4.55G   0.01784   0.03818  0.003597   0.05961       213       640    0.7536    0.9645    0.9798    0.8821         0    0.1436         0
   300/399     4.55G   0.01328   0.03689  0.003689   0.05386       217       640    0.7518    0.9724    0.9821    0.8712         0    0.1477         0
   301/399     4.55G   0.01717   0.04297  0.003404   0.06354       218       640    0.7345    0.9804    0.9769    0.8585         0    0.1488         0
   302/399     4.55G    0.0194    0.0484   0.00332   0.07112       223       640    0.7419    0.9806    0.9811    0.8721         0    0.1469         0
   303/399     4.55G   0.01477   0.03339  0.003499   0.05166       143       640    0.7537    0.9835    0.9813    0.8856         0    0.1453         0
   304/399     4.55G   0.01316    0.0324  0.003026   0.04858       221       640    0.7485    0.9732    0.9799    0.8833         0    0.1457         0
   305/399     4.55G   0.02051    0.0448  0.003442   0.06875       219       640    0.7577    0.9506    0.9762    0.8165         0    0.1442         0
   306/399     4.55G   0.02043   0.04231  0.003284   0.06603       192       640    0.7723    0.9419     0.976    0.8805         0    0.1395         0
   307/399     4.55G   0.01349   0.03362  0.003024   0.05013       172       640    0.7818     0.965    0.9779    0.9038         0    0.1382         0
   308/399     4.55G   0.01415   0.03889  0.003569   0.05661       253       640    0.7864    0.9884    0.9819    0.8887         0    0.1412         0
   309/399     4.55G   0.01965    0.0397  0.002778   0.06213       173       640    0.7783    0.9884     0.983    0.8349         0    0.1426         0
   310/399     4.55G   0.02087   0.04584  0.003287   0.06999       219       640    0.7956    0.9805    0.9838    0.8964         0    0.1385         0
   311/399     4.55G   0.01475   0.03809  0.003631   0.05647       182       640    0.8007    0.9763    0.9832    0.9026         0    0.1375         0
   312/399     4.55G   0.01339   0.03368  0.003335    0.0504       173       640    0.7958    0.9706    0.9822    0.8961         0    0.1402         0
   313/399     4.55G   0.02052   0.04305  0.003276   0.06685       176       640    0.8091    0.9826    0.9815    0.7846         0    0.1399         0
   314/399     4.55G   0.02419   0.04846  0.004036   0.07668       170       640    0.8073    0.9884    0.9822    0.8932         0    0.1359         0
   315/399     4.55G   0.01614   0.04339  0.003105   0.06263       198       640    0.8044    0.9884    0.9814    0.8979         0     0.134         0
   316/399     4.55G   0.01346   0.03726   0.00341   0.05413       247       640    0.7478    0.9884    0.9789    0.8436         0    0.1371         0
   317/399     4.55G   0.01894   0.04606  0.003245   0.06824       251       640    0.7431    0.9834    0.9803    0.8571         0    0.1396         0
   318/399     4.55G   0.01825   0.03621  0.002984   0.05744       178       640    0.7304    0.9826    0.9807    0.8777         0    0.1403         0
   319/399     4.55G   0.01529   0.03789  0.003415   0.05659       171       640    0.7315    0.9826     0.982     0.876         0    0.1412         0
   320/399     4.55G   0.01271   0.03405  0.002792   0.04955       171       640    0.7276    0.9804    0.9824     0.874         0     0.146         0
   321/399     4.55G   0.01951    0.0419  0.003121   0.06454       227       640    0.7338    0.9767    0.9827    0.8427         0    0.1469         0
   322/399     4.55G   0.01914   0.04136  0.003162   0.06365       168       640    0.7275    0.9738    0.9813    0.8849         0    0.1446         0
   323/399     4.55G   0.01423   0.03611  0.002903   0.05324       240       640    0.7314     0.965    0.9811    0.8952         0    0.1441         0
   324/399     4.55G   0.01323   0.03722  0.003708   0.05416       185       640    0.7335    0.9573    0.9811    0.8627         0    0.1485         0
   325/399     4.55G   0.01732   0.03956  0.002962   0.05984       212       640    0.7287     0.962    0.9798    0.8735         0    0.1497         0
   326/399     4.55G   0.01955   0.03943  0.003416    0.0624       194       640    0.7293    0.9606    0.9796    0.8771         0    0.1501         0
   327/399     4.55G   0.01581    0.0348  0.003589   0.05419       244       640    0.7358    0.9656    0.9799    0.8724         0    0.1511         0
   328/399     4.55G   0.01453   0.03791  0.002789   0.05523       169       640    0.7442    0.9694    0.9803    0.8984         0    0.1539         0
   329/399     4.55G    0.0177   0.04171  0.003326   0.06274       205       640    0.7577    0.9694    0.9815    0.8303         0    0.1566         0
   330/399     4.55G   0.01792   0.03621  0.003433   0.05757       206       640    0.7553    0.9694    0.9812    0.8701         0    0.1548         0
   331/399     4.55G   0.01442   0.03583  0.002882   0.05312       242       640    0.7574    0.9672    0.9814    0.8836         0    0.1537         0
   332/399     4.55G   0.01324   0.03241  0.003249    0.0489       205       640    0.7596    0.9672    0.9837    0.9049         0     0.155         0
   333/399     4.55G    0.0142   0.03128  0.002976   0.04846       200       640     0.765    0.9716    0.9855    0.8778         0    0.1552         0
   334/399     4.55G   0.01656   0.03716  0.003606   0.05733       205       640    0.7638    0.9796    0.9861    0.8949         0    0.1549         0
   335/399     4.55G   0.01385   0.03696  0.003017   0.05383       232       640    0.7594    0.9825    0.9867    0.9024         0    0.1546         0
   336/399     4.55G    0.0121   0.03358  0.002877   0.04856       293       640    0.7592    0.9876    0.9862    0.8981         0    0.1571         0
   337/399     4.55G   0.01717   0.04298  0.003519   0.06367       277       640    0.7449    0.9876    0.9828    0.8753         0    0.1579         0
   338/399     4.55G   0.01739   0.04045  0.003064    0.0609       182       640    0.7423    0.9871    0.9802    0.9031         0    0.1575         0
   339/399     4.55G   0.01405   0.04084  0.003523   0.05841       298       640    0.7288    0.9876    0.9777    0.9108         0    0.1587         0
   340/399     4.55G   0.01186   0.03108  0.003188   0.04612       249       640    0.7282    0.9876    0.9734    0.9105         0    0.1635         0
   341/399     4.55G    0.0136   0.03478  0.002794   0.05118       171       640    0.7226    0.9876    0.9716    0.8929         0    0.1649         0
   342/399     4.55G   0.01547   0.03713  0.002662   0.05526       235       640    0.7259    0.9876    0.9731    0.9018         0    0.1658         0
   343/399     4.55G   0.01298   0.03346  0.003235   0.04967       221       640    0.7397    0.9876    0.9743    0.9096         0    0.1662         0
   344/399     4.55G   0.01307    0.0395  0.002978   0.05555       217       640    0.7619     0.992    0.9772    0.8918         0    0.1684         0
   345/399     4.55G   0.01434   0.03773  0.003012   0.05508       149       640    0.7694    0.9904     0.981    0.8881         0    0.1691         0
   346/399     4.55G   0.01575   0.03974  0.003052   0.05855       213       640    0.7809    0.9893    0.9847    0.9049         0    0.1684         0
   347/399     4.55G   0.01388   0.03649  0.003534    0.0539       248       640    0.7842    0.9884    0.9863    0.9219         0    0.1681         0
   348/399     4.55G   0.01096   0.02787  0.002554   0.04139       253       640    0.7697    0.9884    0.9859    0.9099         0    0.1684         0
   349/399     4.55G   0.01452   0.04057  0.002815    0.0579       301       640    0.7657    0.9826    0.9869    0.8996         0    0.1678         0
   350/399     4.55G   0.01491   0.03416  0.002741   0.05181       222       640    0.7661    0.9826    0.9867     0.906         0    0.1675         0
   351/399     4.55G    0.0131   0.03633  0.002948   0.05237       252       640    0.7649    0.9769    0.9854    0.9169         0    0.1674         0
   352/399     4.55G   0.01143   0.03136  0.002793   0.04558       190       640    0.7688    0.9691    0.9852    0.9216         0    0.1683         0
   353/399     4.55G   0.01494   0.03798  0.002904   0.05583       242       640    0.7697    0.9754    0.9848    0.8797         0    0.1681         0
   354/399     4.55G   0.01688   0.04058  0.002841    0.0603       234       640    0.7676    0.9664    0.9842     0.889         0    0.1661         0
   355/399     4.55G   0.01327   0.03239   0.00317   0.04883       183       640     0.767    0.9655    0.9829    0.9042         0    0.1639         0
   356/399     4.55G   0.01283   0.03944  0.003279   0.05554       230       640    0.7648    0.9676    0.9823    0.8949         0    0.1631         0
   357/399     4.55G   0.01527   0.03591  0.002961   0.05414       192       640    0.7633    0.9722    0.9812     0.869         0    0.1634         0
   358/399     4.55G   0.01589   0.03697  0.002612   0.05547       202       640    0.7653    0.9716    0.9816    0.9002         0    0.1617         0
   359/399     4.55G    0.0127   0.03365  0.003357   0.04971       176       640    0.7604    0.9768    0.9807    0.9021         0    0.1607         0
   360/399     4.55G   0.01145    0.0315  0.002965   0.04592       198       640    0.7652    0.9774      0.98    0.8935         0    0.1604         0
   361/399     4.55G   0.01599   0.03562  0.002394     0.054       210       640    0.7773     0.981    0.9799    0.8523         0    0.1608         0
   362/399     4.55G   0.01725   0.04521  0.002758   0.06522       231       640    0.7723     0.984    0.9799    0.8759         0    0.1586         0
   363/399     4.55G   0.01335   0.03352  0.002696   0.04957       204       640    0.7816     0.984    0.9799    0.8998         0    0.1574         0
   364/399     4.55G   0.01142   0.03082  0.002945   0.04519       217       640    0.7815    0.9878    0.9784     0.906         0    0.1583         0
   365/399     4.55G   0.01348   0.03292   0.00258   0.04898       212       640    0.7699     0.984    0.9791    0.8537         0    0.1597         0
   366/399     4.55G   0.01583   0.03498  0.003119   0.05393       200       640    0.7664    0.9818    0.9791    0.8874         0    0.1583         0
   367/399     4.55G   0.01297   0.03581  0.002712    0.0515       203       640     0.768    0.9818    0.9784    0.8983         0    0.1581         0
   368/399     4.55G   0.01185   0.03436  0.002765   0.04898       213       640    0.7506    0.9774    0.9775    0.8855         0    0.1591         0
   369/399     4.55G   0.01902     0.042    0.0027   0.06372       190       640    0.7511    0.9721    0.9774    0.8455         0    0.1584         0
   370/399     4.55G   0.01961   0.04651  0.003189    0.0693       213       640    0.7422    0.9778    0.9768    0.8856         0    0.1541         0
   371/399     4.55G    0.0131   0.03489   0.00285   0.05084       208       640     0.734    0.9708    0.9758    0.8958         0     0.152         0
   372/399     4.55G   0.01148   0.03384  0.003211   0.04854       206       640    0.7197     0.965    0.9766    0.8982         0     0.153         0
   373/399     4.55G   0.01552   0.03959  0.002848   0.05796       228       640    0.7192    0.9636    0.9778    0.8708         0    0.1555         0
   374/399     4.55G   0.01642   0.03966  0.002357   0.05844       230       640    0.7223    0.9596    0.9788    0.9025         0    0.1556         0
   375/399     4.55G   0.01215   0.03121  0.002585   0.04594       216       640    0.7251    0.9562    0.9786    0.9053         0    0.1567         0
   376/399     4.55G   0.01193   0.03328  0.003009   0.04822       238       640    0.7362    0.9562    0.9785    0.9018         0    0.1597         0
   377/399     4.55G   0.01389    0.0346   0.00292   0.05141       292       640    0.7388    0.9592    0.9805    0.8713         0     0.161         0
   378/399     4.55G   0.01577   0.03705  0.003581    0.0564       258       640    0.7376     0.965    0.9826    0.8967         0    0.1611         0
   379/399     4.55G   0.01144    0.0289  0.002561    0.0429       201       640    0.7438    0.9716    0.9827    0.9138         0    0.1618         0
   380/399     4.55G   0.01137    0.0339  0.003021   0.04829       191       640    0.7505    0.9816    0.9811    0.9102         0    0.1661         0
   381/399     4.55G   0.01504   0.03766   0.00279   0.05548       211       640    0.7494    0.9812    0.9805    0.8819         0    0.1688         0
   382/399     4.55G   0.01649   0.03785  0.002055   0.05639       202       640    0.7513    0.9796    0.9791    0.9013         0    0.1676         0
   383/399     4.55G   0.01271   0.03483  0.002779   0.05033       231       640    0.7511    0.9818     0.979     0.901         0    0.1674         0
   384/399     4.55G   0.01067   0.03153  0.002515   0.04472       215       640    0.7649    0.9818    0.9773     0.909         0    0.1678         0
   385/399     4.55G   0.01581    0.0361  0.002831   0.05474       208       640    0.7832    0.9774     0.978    0.8732         0    0.1675         0
   386/399     4.55G   0.01796    0.0444  0.002937    0.0653       284       640    0.7872    0.9818    0.9776    0.9049         0    0.1652         0
   387/399     4.55G   0.01172   0.02857  0.002557   0.04284       174       640    0.7779    0.9772     0.976    0.9071         0    0.1637         0
   388/399     4.55G   0.01051   0.03126  0.002404   0.04417       220       640    0.7683     0.973    0.9754    0.8741         0    0.1639         0
   389/399     4.55G   0.01757   0.03794  0.002973   0.05848       221       640    0.7441     0.973    0.9757    0.8392         0    0.1643         0
   390/399     4.55G   0.01626   0.03675  0.002589    0.0556       241       640     0.743     0.973    0.9768    0.8903         0    0.1624         0
   391/399     4.55G   0.01202   0.03497  0.002865   0.04985       258       640    0.7548    0.9744    0.9791    0.9097         0    0.1622         0
   392/399     4.55G   0.01185   0.03106  0.002722   0.04563       193       640    0.7573    0.9738    0.9803    0.9097         0    0.1641         0
   393/399     4.55G   0.01389   0.03262  0.002623   0.04913       150       640     0.749    0.9694    0.9816    0.8954         0    0.1637         0
   394/399     4.55G   0.01432   0.03686   0.00278   0.05396       219       640     0.754    0.9716    0.9824    0.9219         0     0.163         0
   395/399     4.55G   0.01258   0.03688  0.002763   0.05223       261       640    0.7631    0.9693    0.9825    0.9173         0    0.1633         0
   396/399     4.55G  0.009998   0.02937  0.002326   0.04169       159       640    0.7635    0.9727    0.9837     0.913         0     0.165         0
   397/399     4.55G    0.0142   0.03731  0.002554   0.05407       254       640    0.7703    0.9694    0.9848    0.8768         0    0.1655         0
   398/399     4.55G   0.01708   0.03669  0.002578   0.05635       194       640    0.7629    0.9738    0.9838    0.9042         0    0.1632         0
   399/399     4.55G   0.01399   0.03389  0.002912   0.05079       225       640    0.7605    0.9738    0.9836     0.912         0     0.162         0
