     0/499     4.54G    0.1202   0.09632    0.0576    0.2741       142       640         0         0         0         0    0.1279   0.06622   0.05657
     1/499     4.55G    0.1196    0.1017    0.0567     0.278       109       640         0         0  0.000877 0.0001347    0.1247   0.06805   0.05534
     2/499     4.55G    0.1148     0.105    0.0559    0.2756       111       640         0         0  0.002219 0.0002659    0.1189   0.07276   0.05411
     3/499     4.55G    0.1121    0.1036    0.0543      0.27       172       640         0         0  0.005633 0.0008101    0.1104   0.08059   0.05288
     4/499     4.55G    0.1077    0.1246   0.05381    0.2861       146       640         0         0    0.0117  0.001997    0.1018   0.08754   0.05175
     5/499     4.55G    0.1021    0.1126    0.0531    0.2678       105       640         0         0   0.02466  0.005051   0.09481   0.09188    0.0505
     6/499     4.55G    0.1007    0.1244   0.05206    0.2772       132       640         0         0    0.0725   0.01195    0.0904   0.09257   0.04937
     7/499     4.55G   0.09734    0.1185   0.05193    0.2677       111       640         0         0   0.09567   0.02246   0.08702   0.09075   0.04825
     8/499     4.55G   0.09612    0.1276   0.05123     0.275       184       640    0.1175   0.05546    0.1112   0.03015   0.08384   0.08748   0.04728
     9/499     4.55G   0.09182    0.1165    0.0508    0.2591       135       640    0.1323    0.1365    0.1359   0.04109   0.07998   0.08391   0.04627
    10/499     4.55G   0.08574     0.105    0.0501    0.2408       101       640    0.1145    0.4115     0.164   0.04736   0.07544   0.08154   0.04493
    11/499     4.55G   0.08441    0.1089   0.04916    0.2425       117       640   0.08573    0.8771     0.195   0.05549   0.07134   0.07819   0.04364
    12/499     4.55G   0.08408    0.1051   0.04845    0.2376       181       640   0.06452    0.9729    0.2173   0.06961   0.06778   0.07611   0.04249
    13/499     4.55G   0.07612    0.0903   0.04648    0.2129       130       640   0.04964    0.9948    0.2277   0.07696    0.0639   0.07542   0.04099
    14/499     4.55G   0.07335   0.09197   0.04691    0.2122       147       640   0.04635    0.9948    0.2422   0.07951   0.06086   0.07529   0.03991
    15/499     4.55G   0.07096   0.09431   0.04401    0.2093       149       640   0.04381         1    0.2364   0.08445    0.0571   0.07327   0.03883
    16/499     4.55G    0.0663   0.08494   0.04339    0.1946       138       640    0.0509         1    0.2397   0.07652   0.05668   0.07011   0.03832
    17/499     4.55G   0.06583   0.08387   0.04179    0.1915       182       640   0.04633         1    0.2604    0.1031   0.05553   0.06576   0.03772
    18/499     4.55G   0.06247   0.08411   0.04197    0.1885       175       640   0.05124         1    0.2513   0.09861   0.05382   0.06265   0.03741
    19/499     4.55G   0.06154   0.08491   0.04269    0.1891       191       640   0.05671         1    0.2683     0.117   0.04748   0.05795    0.0372
    20/499     4.55G   0.05997     0.083    0.0415    0.1845       121       640   0.06385         1    0.2981    0.1349   0.04566   0.05653   0.03743
    21/499     4.55G   0.05628   0.07258   0.03925    0.1681       151       640   0.08386         1     0.315    0.1405   0.04381   0.05172   0.03729
    22/499     4.55G   0.05737   0.07857   0.03919    0.1751       182       640   0.09258         1    0.3663     0.174    0.0412   0.04956   0.03645
    23/499     4.55G     0.054   0.07558   0.03986    0.1694       174       640   0.08279         1    0.3683    0.1839   0.04705   0.05136   0.03638
    24/499     4.55G   0.05173   0.06989    0.0392    0.1608       114       640   0.07776         1     0.333    0.1292   0.04811   0.05227   0.03589
    25/499     4.55G   0.05649   0.06715   0.03993    0.1636       128       640   0.09899         1    0.3785    0.2048   0.04618   0.04913   0.03534
    26/499     4.55G   0.05112   0.07927   0.03787    0.1683       234       640    0.0888         1    0.4212     0.221   0.04284   0.04807   0.03534
    27/499     4.55G   0.04936    0.0612   0.03709    0.1477       108       640    0.1221         1    0.4411    0.2287      0.04   0.04718   0.03545
    28/499     4.55G   0.05279   0.07733   0.03755    0.1677       198       640    0.1274         1    0.4297    0.2415    0.0372   0.04587   0.03477
    29/499     4.55G   0.05073   0.06069   0.03837    0.1498       106       640    0.1384         1    0.4665    0.2899   0.03427   0.04532   0.03494
    30/499     4.55G      0.05   0.06937   0.03635    0.1557       243       640     0.112         1    0.4943     0.338   0.03481   0.04479   0.03433
    31/499     4.55G   0.05002   0.06775   0.03713    0.1549       179       640    0.1116         1    0.4822    0.2731   0.03876   0.04551   0.03378
    32/499     4.55G   0.04588   0.06814   0.03612    0.1501       143       640    0.1282         1    0.4969    0.3151   0.03065   0.04294   0.03392
    33/499     4.55G   0.05382   0.06635   0.03586     0.156       163       640    0.0394    0.9896    0.2433     0.119   0.07825   0.05527   0.03319
    34/499     4.55G   0.08225   0.07051   0.03431    0.1871       177       640     0.096    0.9583    0.4218    0.1179   0.07804   0.04528   0.03377
    35/499     4.55G   0.07486    0.0739   0.03424     0.183       150       640   0.06893    0.9583    0.2753   0.06877   0.07204   0.05385   0.03367
    36/499     4.55G   0.07283   0.08454   0.03425    0.1916       220       640    0.1076    0.9844    0.4609    0.1686   0.06383   0.05156   0.03418
    37/499     4.55G   0.06487   0.07855   0.03429    0.1777       103       640   0.05752         1    0.4348    0.1881   0.06641   0.04935   0.03325
    38/499     4.55G   0.06334   0.06788    0.0334    0.1646       139       640   0.07692         1    0.4805    0.2029   0.04991   0.04798   0.03101
    39/499     4.55G   0.06092   0.06263    0.0341    0.1576        87       640   0.06201         1    0.4055    0.1089   0.06901   0.04833   0.03047
    40/499     4.55G   0.06889   0.07057   0.03201    0.1715       130       640   0.09621         1    0.4905    0.2402   0.05107   0.04967   0.02947
    41/499     4.55G   0.05696   0.06784   0.03399    0.1588       136       640   0.09476         1    0.4724    0.1923   0.05448   0.04791   0.02911
    42/499     4.55G    0.0593   0.06837   0.03271    0.1604       144       640   0.08926         1     0.489    0.2304   0.04524   0.04569   0.02867
    43/499     4.55G   0.06004   0.06099   0.03261    0.1536       100       640    0.0805         1    0.4617    0.1385   0.06057   0.04619   0.02828
    44/499     4.55G   0.06397   0.06826   0.03025    0.1625       142       640   0.06471         1    0.4549    0.1312   0.06235   0.04481   0.02803
    45/499     4.55G   0.06486    0.0557   0.03008    0.1506       106       640    0.1031         1    0.4921    0.1899   0.05336   0.04655   0.02755
    46/499     4.55G   0.05698   0.06581   0.02991    0.1527       178       640   0.09625         1    0.4858    0.2091   0.05623   0.04641    0.0265
    47/499     4.55G   0.06462    0.0655   0.03072    0.1608       161       640    0.1071         1     0.301   0.08724   0.05988    0.0464   0.02628
    48/499     4.55G   0.05951   0.06828   0.02979    0.1576       155       640   0.09669         1    0.5483    0.3227   0.05479    0.0457   0.02578
    49/499     4.55G   0.06288   0.07116   0.02942    0.1635       161       640    0.1188         1     0.543     0.214   0.05702    0.0458   0.02573
    50/499     4.55G    0.0569   0.06688   0.03031    0.1541       151       640    0.1701         1    0.6126     0.398   0.03772   0.04477   0.02569
    51/499     4.55G   0.06297   0.08384   0.02765    0.1745       227       640    0.1129         1    0.4289    0.1774   0.04487   0.04656    0.0258
    52/499     4.55G   0.05258   0.06674   0.02843    0.1477       139       640    0.1121         1    0.5118    0.1352   0.05187   0.04587   0.02536
    53/499     4.55G   0.05887   0.05681   0.02748    0.1432       127       640    0.1252         1    0.4396    0.1544   0.05169   0.04389   0.02487
    54/499     4.55G   0.04968   0.05924   0.02617    0.1351       128       640    0.1794         1    0.5853    0.2065    0.0432   0.04391   0.02423
    55/499     4.55G   0.05643   0.05939   0.02902    0.1448       121       640    0.1321         1    0.5991    0.2394   0.04675   0.04417   0.02446
    56/499     4.55G   0.04971   0.06861   0.02641    0.1447       163       640    0.1555         1    0.6098    0.2315   0.05067   0.04474   0.02494
    57/499     4.55G   0.06021    0.0697    0.0268    0.1567       151       640    0.1199         1    0.4593    0.1133   0.06102   0.04489   0.02486
    58/499     4.55G   0.05489   0.06488   0.02835    0.1481       140       640    0.1392         1    0.7249    0.3475   0.04461    0.0453   0.02418
    59/499     4.55G   0.06221   0.06921   0.02731    0.1587       144       640    0.1215         1    0.6115     0.207   0.05869   0.04527   0.02504
    60/499     4.55G   0.05223   0.06303   0.02525    0.1405       154       640    0.1851         1    0.6457     0.406   0.03779   0.04279   0.02427
    61/499     4.55G   0.05676   0.06311   0.02774    0.1476       126       640    0.1749         1    0.6557    0.4193   0.04476   0.04311   0.02399
    62/499     4.55G    0.0476   0.06411    0.0272    0.1389       176       640    0.1735         1    0.7175    0.3767   0.03898   0.04203   0.02356
    63/499     4.55G   0.05576   0.06622   0.02461    0.1466       187       640    0.1639         1    0.7159    0.1826   0.04059   0.04219   0.02405
    64/499     4.55G   0.05514   0.06519   0.02552    0.1458       169       640    0.1157         1    0.6018    0.2196   0.05412   0.04282   0.02427
    65/499     4.55G   0.05659   0.06704   0.02635      0.15       144       640    0.1557         1    0.5937    0.2097   0.04864   0.04246   0.02393
    66/499     4.55G   0.05466   0.07001   0.02577    0.1504       124       640    0.1709         1    0.7478    0.3607   0.04625   0.04221     0.024
    67/499     4.55G   0.05353   0.06441   0.02663    0.1446       121       640    0.1438         1    0.7679    0.5296   0.04387    0.0427   0.02434
    68/499     4.55G   0.05006     0.063   0.02701    0.1401       167       640    0.2178         1    0.6765    0.3523   0.03673   0.04033    0.0243
    69/499     4.55G   0.05036   0.06801   0.02444    0.1428       165       640     0.226         1    0.6599    0.3982   0.03516   0.04076   0.02398
    70/499     4.55G   0.04565   0.06155    0.0236    0.1308       153       640    0.2002         1    0.7847    0.5622    0.0323   0.03901   0.02324
    71/499     4.55G   0.04629   0.05645   0.02368    0.1264       142       640    0.1806         1    0.6629    0.3551   0.04102   0.03993   0.02287
    72/499     4.55G   0.05051    0.0603   0.02513    0.1359       134       640    0.1829         1    0.7564    0.3568   0.04573   0.04179   0.02312
    73/499     4.55G   0.05111   0.06219   0.02302    0.1363       163       640     0.159         1    0.7072    0.4005   0.04713   0.04518   0.02323
    74/499     4.55G   0.05179   0.07083   0.02337     0.146       171       640    0.2156         1    0.6224    0.3869   0.02945   0.03985   0.02346
    75/499     4.55G   0.04983    0.0676   0.02255      0.14       168       640    0.1785         1    0.5957    0.2136   0.04409   0.03973   0.02394
    76/499     4.55G   0.04856   0.05846   0.02349    0.1305       154       640    0.2319         1    0.6846    0.2848   0.04198   0.04136   0.02289
    77/499     4.55G   0.04983   0.06105   0.02344    0.1343       141       640    0.2503         1    0.6634    0.3074   0.03342   0.04011   0.02362
    78/499     4.55G   0.04368   0.06773   0.02299    0.1344       153       640    0.2807         1    0.6806    0.4145   0.02821   0.03713   0.02403
    79/499     4.55G   0.04637   0.05778    0.0241    0.1282       116       640    0.1948         1       0.6      0.27   0.03482   0.03876   0.02457
    80/499     4.55G   0.04338   0.05664   0.02276    0.1228       160       640    0.2293         1    0.6658    0.3604   0.03542   0.03926   0.02315
    81/499     4.55G   0.04848   0.07051   0.02411    0.1431       210       640    0.1471         1    0.6311    0.2673   0.04732   0.04399   0.02298
    82/499     4.55G   0.04767   0.06318   0.02139    0.1322       123       640    0.2363         1    0.6736    0.4349   0.02848    0.0399   0.02327
    83/499     4.55G   0.04653    0.0592   0.02252    0.1283       135       640    0.1962         1    0.6722    0.4022   0.03723   0.04119   0.02331
    84/499     4.55G   0.04408   0.06166   0.02166    0.1274       154       640    0.2009         1    0.6088    0.3525   0.03533   0.04144   0.02322
    85/499     4.55G   0.04401   0.06197   0.02091    0.1269       183       640    0.1719         1    0.5713    0.2475   0.03959   0.04142   0.02261
    86/499     4.55G   0.04174   0.05405   0.02096    0.1168       132       640    0.1447         1    0.6364     0.362   0.04024    0.0413   0.02297
    87/499     4.55G   0.04971   0.06384   0.02168    0.1352       169       640    0.1876         1    0.6554    0.4063   0.04502   0.04372   0.02305
    88/499     4.55G   0.04366   0.06038   0.02135    0.1254       193       640    0.2326         1    0.5776    0.3222   0.03277   0.03818   0.02291
    89/499     4.55G   0.04528   0.06275   0.02141    0.1294       151       640    0.2607         1    0.6176    0.4292   0.03303    0.0403   0.02302
    90/499     4.55G   0.04496    0.0561   0.01874    0.1198       142       640    0.3297         1    0.6306    0.4108   0.02604   0.03643    0.0226
    91/499     4.55G   0.04352   0.06219   0.01955    0.1253       168       640     0.196         1    0.5962    0.2141   0.03828   0.03794   0.02225
    92/499     4.55G   0.04066   0.05708   0.01869    0.1164       122       640    0.3855         1    0.7044    0.5206   0.02548   0.03533   0.02195
    93/499     4.55G   0.04188   0.06029   0.01974    0.1219       184       640    0.2947         1    0.7693    0.3628   0.03334    0.0371   0.02191
    94/499     4.55G   0.03801   0.05567   0.02022    0.1139       164       640    0.2274         1     0.828    0.6399   0.02867   0.03591   0.02094
    95/499     4.55G   0.04415   0.06013   0.02041    0.1247       161       640    0.2279         1    0.7998    0.4379   0.03605   0.03841   0.02115
    96/499     4.55G   0.03794   0.05298   0.01954    0.1105       119       640    0.2657         1    0.7874     0.479   0.03171   0.03733   0.02146
    97/499     4.55G   0.04202   0.06398   0.01972    0.1257       155       640     0.277         1    0.7996    0.3819   0.03462   0.03808   0.02157
    98/499     4.55G   0.04327   0.06485   0.01921    0.1273       161       640    0.3763         1    0.8506    0.5045   0.02551   0.03458   0.02101
    99/499     4.55G   0.03833   0.05781   0.01831    0.1144       172       640    0.3306         1    0.8471    0.4634   0.03179   0.03649   0.02098
   100/499     4.55G   0.03479    0.0511   0.01854    0.1044       170       640     0.181         1    0.7199    0.4281   0.04086   0.04293   0.02091
   101/499     4.55G   0.05265   0.06949   0.01814    0.1403       173       640    0.2158         1    0.7794    0.4641   0.03973   0.04422   0.02128
   102/499     4.55G    0.0502   0.06712   0.01729    0.1346       150       640    0.1687         1    0.7757    0.5305    0.0404   0.04797   0.02114
   103/499     4.55G   0.04067   0.06199    0.0175    0.1202       137       640    0.2377         1    0.8133    0.4029   0.03613   0.04549   0.02051
   104/499     4.55G    0.0454   0.07913   0.01945     0.144       232       640    0.2375         1    0.7594    0.3764    0.0342   0.04674   0.02124
   105/499     4.55G    0.0471   0.08175   0.01742    0.1463       255       640    0.2176         1    0.6567    0.3853   0.04004   0.04487   0.02171
   106/499     4.55G   0.04259   0.07049   0.01769    0.1308       198       640    0.1927         1    0.6487    0.3218   0.03616   0.04101   0.02165
   107/499     4.55G   0.04976   0.05828   0.01641    0.1244       130       640     0.185         1    0.7969    0.4167   0.04797   0.04259   0.02116
   108/499     4.55G   0.05777   0.06395   0.01784    0.1396       124       640    0.1634         1     0.747    0.3327   0.05072   0.04356   0.02109
   109/499     4.55G   0.05088   0.06447   0.01685    0.1322       122       640    0.3155         1    0.8578    0.4591   0.02715   0.03892   0.02073
   110/499     4.55G   0.04568   0.06037   0.01546    0.1215       154       640    0.1644         1     0.766    0.4688   0.04806   0.04309   0.02028
   111/499     4.55G    0.0526   0.06197   0.01565    0.1302       109       640    0.2185         1    0.7962    0.3551   0.03633   0.03984   0.02063
   112/499     4.55G   0.04669    0.0645   0.01556    0.1267       174       640    0.2883         1    0.8149    0.3647   0.03132   0.03851   0.01783
   113/499     4.55G   0.04274   0.06839   0.01576    0.1269       139       640    0.3167         1     0.884    0.3877   0.03887   0.04569   0.01731
   114/499     4.55G   0.04571   0.06547     0.015    0.1262       177       640    0.1954         1    0.8352    0.3105    0.0394   0.04431   0.01702
   115/499     4.55G    0.0395    0.0664   0.01456    0.1204       148       640    0.3997         1    0.8982    0.5969   0.02937   0.03689   0.01753
   116/499     4.55G   0.04349   0.05598   0.01508    0.1146       138       640    0.2271         1    0.8356    0.4158   0.04057   0.04301   0.01563
   117/499     4.55G   0.04626    0.0621   0.01408    0.1224       143       640    0.2965         1     0.906    0.6834   0.03256   0.03912   0.01534
   118/499     4.55G   0.04312   0.05821   0.01342    0.1147       131       640      0.24         1    0.8504    0.2453   0.03924   0.04024   0.02591
   119/499     4.55G   0.04731   0.05836   0.01326    0.1189       185       640    0.1918         1    0.7887    0.2816   0.04267   0.04022   0.03248
   120/499     4.55G   0.04673   0.05833   0.01412    0.1192       130       640    0.2746         1    0.8384    0.4942   0.03948   0.04137    0.0327
   121/499     4.55G   0.04248   0.05515   0.01422    0.1118       161       640    0.2427         1    0.8824    0.5447   0.03623   0.03796   0.02246
   122/499     4.55G   0.04343   0.05636   0.01485    0.1146       158       640    0.3059         1    0.8945    0.5228    0.0369   0.03698   0.02438
   123/499     4.55G   0.03827   0.05198   0.01331    0.1036       150       640    0.2289         1    0.8105    0.2852   0.03534   0.04009    0.0198
   124/499     4.55G   0.04366   0.05065   0.01458    0.1089       131       640    0.2243         1    0.8482    0.3755   0.03989   0.03828   0.01325
   125/499     4.55G   0.04831   0.06484   0.01331    0.1265       134       640    0.2923         1    0.8807    0.4307   0.03681    0.0406   0.01513
   126/499     4.55G   0.04092   0.06684   0.01341    0.1212       199       640    0.1971         1    0.8142    0.2834   0.03738   0.04144   0.02014
   127/499     4.55G   0.04185   0.07088   0.01189    0.1246       203       640    0.3711         1    0.8851    0.5258      0.03   0.03825   0.02207
   128/499     4.55G   0.04097   0.06582    0.0122     0.119       160       640    0.3415         1    0.8592    0.5757   0.03678   0.04364   0.01974
   129/499     4.55G   0.04011    0.0747   0.01135    0.1262       203       640    0.3062         1      0.88    0.4756   0.03255   0.04585   0.01991
   130/499     4.55G   0.03545   0.05824   0.01158    0.1053       126       640    0.4553         1     0.868    0.4721   0.03558   0.03865   0.02554
   131/499     4.55G   0.04422   0.05911      0.01    0.1133       135       640    0.3628         1    0.8823    0.4654   0.03698   0.03772   0.01566
   132/499     4.55G   0.04454   0.06243   0.01167    0.1186       187       640    0.3413    0.9798    0.8242    0.4745   0.03968   0.03762   0.01697
   133/499     4.55G    0.0409   0.05808   0.01205     0.111       158       640    0.5147         1    0.8989    0.5612   0.03103   0.03607    0.0152
   134/499     4.55G   0.04253   0.05905   0.01109    0.1127       183       640    0.2786         1    0.7953    0.3565   0.04132   0.04047   0.01477
   135/499     4.55G   0.04477   0.06225   0.01034    0.1174       174       640    0.3787         1    0.8844    0.5363   0.03193   0.03793   0.01701
   136/499     4.55G   0.03675   0.05984  0.009807    0.1064       171       640    0.5162         1    0.9654    0.7582   0.02212   0.03441   0.01519
   137/499     4.55G    0.0387   0.06438   0.01106    0.1141       165       640    0.3274         1     0.884    0.5263   0.03067   0.03798   0.01811
   138/499     4.55G   0.04163   0.05674  0.009866    0.1082       146       640    0.3458         1    0.8331    0.4923   0.03332   0.04087   0.02077
   139/499     4.55G   0.03841    0.0648    0.0106    0.1138       129       640    0.4876         1     0.912    0.6527   0.02681   0.03507   0.02049
   140/499     4.55G   0.04092   0.06456   0.01049     0.116       223       640    0.3983     0.997    0.8733     0.608   0.03583   0.03797   0.02284
   141/499     4.55G   0.03657   0.06198  0.009673    0.1082       154       640    0.4589         1    0.9427     0.675   0.02798   0.03638   0.01598
   142/499     4.55G   0.03824   0.05661  0.009811    0.1047       160       640     0.484    0.9948    0.9543     0.472   0.03559   0.03885   0.02136
   143/499     4.55G   0.04759   0.06939   0.01016    0.1271       195       640    0.4601         1    0.8967    0.5415   0.03586    0.0427   0.01965
   144/499     4.55G   0.04599   0.06737   0.01089    0.1243       149       640    0.6194         1    0.9468    0.5955   0.03323   0.04788   0.01123
   145/499     4.55G    0.0373   0.06416   0.01028    0.1117       116       640    0.5976         1    0.9436    0.6082   0.02375   0.03553   0.01301
   146/499     4.55G   0.03774   0.06114  0.008867    0.1078       175       640    0.3824         1    0.9052    0.4874   0.03114   0.03634   0.01512
   147/499     4.55G   0.04393   0.06084  0.009078    0.1138       119       640    0.4525    0.9948    0.9269    0.5872   0.02862   0.03392   0.01635
   148/499     4.55G   0.03696    0.0503  0.008735   0.09599       127       640    0.5026         1    0.9368    0.5728   0.02815   0.03552  0.007843
   149/499     4.55G   0.03765   0.05425  0.008775    0.1007       163       640    0.3267         1    0.9048    0.6127   0.03021   0.03797  0.008398
   150/499     4.55G   0.04071   0.05997   0.00931      0.11       111       640    0.4185         1    0.9727    0.6688   0.02694   0.03589  0.009523
   151/499     4.55G   0.03398   0.06292  0.009577    0.1065       122       640    0.6379         1    0.9738    0.6391   0.02168   0.03603  0.008606
   152/499     4.55G    0.0357   0.06544  0.007516    0.1087       127       640    0.5422         1    0.9431    0.6419    0.0319   0.04776  0.009696
   153/499     4.55G   0.03988   0.07042  0.008703     0.119       200       640    0.5417         1    0.9464    0.5147   0.02625   0.03744    0.0123
   154/499     4.55G   0.03261   0.06519  0.008805    0.1066       177       640    0.7077         1    0.9786    0.7271   0.02903   0.03734   0.01375
   155/499     4.55G   0.03738   0.05806  0.009226    0.1047       101       640    0.7142    0.9948    0.9498    0.6904   0.02863    0.0375   0.01603
   156/499     4.55G   0.03631   0.05353  0.007928   0.09776       169       640    0.7018    0.9948    0.9608    0.5715   0.03571   0.03898   0.02273
   157/499     4.55G   0.03637   0.05125  0.008225   0.09584       107       640    0.6998         1    0.9648    0.8041   0.01945   0.03339  0.009458
   158/499     4.55G   0.03373   0.05658  0.008121   0.09844       139       640    0.4418    0.9896    0.9153    0.5819   0.03151   0.03671   0.00937
   159/499     4.55G   0.03875   0.05546  0.007226    0.1014       126       640    0.6175         1    0.9383    0.6516   0.03094   0.03454   0.01116
   160/499     4.55G   0.03512    0.0517  0.007382    0.0942       159       640     0.534    0.9948    0.9587    0.5759   0.02516   0.03405   0.01228
   161/499     4.55G    0.0369   0.05462  0.008029   0.09955       178       640    0.4653    0.9948    0.8844    0.5656   0.03205   0.03511   0.01327
   162/499     4.55G   0.03838   0.04958   0.00776   0.09571       161       640    0.5317         1    0.9381    0.5387   0.02973   0.03647   0.01246
   163/499     4.55G   0.04107   0.05919  0.008243    0.1085        99       640     0.509         1    0.9364    0.5616   0.03013   0.03299   0.01559
   164/499     4.55G   0.03715   0.05015   0.00769   0.09499       160       640    0.5316         1    0.9024    0.6417   0.03476   0.03785   0.01024
   165/499     4.55G   0.03644   0.06612    0.0084     0.111       245       640    0.6095         1     0.912    0.6037   0.02837   0.03674   0.01132
   166/499     4.55G   0.03479   0.05857   0.00729    0.1006       167       640    0.6295    0.9948    0.9351    0.7271   0.02299   0.03326   0.01779
   167/499     4.55G   0.03087   0.05334  0.008613   0.09282       163       640    0.6261    0.9948    0.9588    0.7753    0.0218    0.0331   0.01444
   168/499     4.55G   0.02733   0.05404  0.008285   0.08966       175       640    0.6205    0.9948    0.9753    0.7162   0.02399   0.03398    0.0158
   169/499     4.55G   0.04156   0.07222  0.008347    0.1221       178       640    0.4013    0.9948    0.8979    0.5127   0.03524   0.04448   0.01364
   170/499     4.55G   0.04479   0.07951  0.008201    0.1325       175       640    0.5779    0.9948    0.9638    0.7155   0.02734    0.0383  0.009455
   171/499     4.55G   0.03561   0.06093  0.008881    0.1054       163       640    0.5675         1    0.9728    0.7037   0.02375   0.03488  0.008494
   172/499     4.55G     0.029   0.06025    0.0085   0.09775       197       640    0.6513         1    0.9738    0.7763   0.02249   0.03519  0.008891
   173/499     4.55G   0.03649   0.06509  0.008486    0.1101       176       640     0.566         1    0.9368     0.634   0.03342   0.04429   0.01069
   174/499     4.55G   0.04063   0.06677  0.006886    0.1143       187       640    0.6404    0.9948    0.9698    0.7988   0.02251   0.03452   0.01642
   175/499     4.55G   0.03357   0.06617  0.007867    0.1076       193       640    0.6471    0.9948    0.9765    0.7373   0.02147   0.03244   0.01486
   176/499     4.55G    0.0307   0.06112  0.008175   0.09999       190       640    0.4766         1    0.9439    0.5865   0.03313   0.03686  0.007765
   177/499     4.55G   0.04478   0.06343  0.006867    0.1151       167       640    0.4314    0.9896    0.8778    0.5024   0.03251   0.03818  0.007497
   178/499     4.55G   0.03938   0.06484  0.007313    0.1115       182       640     0.517    0.9896    0.9724    0.5931   0.02723   0.03513  0.007681
   179/499     4.55G   0.02906   0.05128  0.006514   0.08686       172       640    0.6495         1    0.9876    0.7148   0.01978   0.03346  0.007699
   180/499     4.55G   0.02522   0.05223  0.006861   0.08432       157       640    0.7133         1    0.9919    0.7225   0.02607    0.0349  0.006378
   181/499     4.55G   0.04235   0.06563  0.006496    0.1145       207       640    0.6087    0.9948    0.9418    0.5616   0.03616    0.0394    0.0102
   182/499     4.55G   0.04168   0.06192  0.007829    0.1114       149       640     0.741         1    0.9691    0.7358   0.02592   0.03654  0.008702
   183/499     4.55G   0.02935   0.05724   0.00699   0.09358       148       640     0.678         1    0.9798    0.8061   0.02141   0.03389  0.008586
   184/499     4.55G   0.02615   0.05004  0.007325   0.08351       178       640    0.6561         1    0.9848    0.8072   0.01908   0.03153  0.008713
   185/499     4.55G    0.0302   0.05593  0.007131   0.09326       190       640    0.6497         1    0.9822    0.7351   0.02664   0.03949   0.00901
   186/499     4.55G   0.03507   0.06131  0.007407    0.1038       208       640    0.6729    0.9948    0.9846    0.7845   0.02061   0.03302   0.01065
   187/499     4.55G   0.02524   0.04649  0.006843   0.07858       153       640    0.6489         1    0.9833    0.8253   0.01771   0.03022  0.007736
   188/499     4.55G   0.02235   0.04943  0.006421    0.0782       141       640    0.6281    0.9896    0.9703    0.7157   0.02549   0.03396  0.007616
   189/499     4.55G   0.03918   0.05404  0.007059    0.1003       122       640    0.5012         1     0.901    0.4081   0.03862   0.04127   0.00793
   190/499     4.55G   0.04087   0.06479  0.006897    0.1126       155       640    0.6339         1    0.9509    0.6423   0.02513   0.03582  0.008256
   191/499     4.55G   0.02763   0.05404  0.007103   0.08877       166       640    0.7526         1    0.9769    0.8139   0.02008   0.03206  0.008463
   192/499     4.55G   0.02371   0.04538  0.007303   0.07639       120       640    0.7908         1    0.9838    0.8138   0.02218   0.03279  0.008113
   193/499     4.55G   0.03364     0.058  0.007157    0.0988       191       640    0.7114    0.9948    0.9701    0.5718   0.03296   0.03927   0.01093
   194/499     4.55G    0.0395   0.06289  0.006852    0.1092       175       640    0.7342    0.9948     0.963    0.7218   0.02171   0.03266   0.01139
   195/499     4.55G   0.02784   0.05598  0.006833   0.09065       183       640    0.7357         1    0.9867    0.7561   0.01767   0.02957  0.008635
   196/499     4.55G   0.02537   0.04386  0.006347   0.07558       131       640    0.7528         1    0.9899    0.7555   0.02132   0.03147  0.007078
   197/499     4.55G   0.03425   0.05983  0.006721    0.1008       173       640     0.625    0.9948    0.9512    0.6917   0.03563   0.04075  0.009115
   198/499     4.55G   0.04545    0.0594  0.006887    0.1117       154       640    0.6497     0.986    0.9502    0.6035   0.03124   0.03522   0.01016
   199/499     4.55G   0.03606   0.05703   0.00658   0.09967       149       640    0.5815    0.9639    0.9501    0.6572   0.02281   0.03431   0.01298
   200/499     4.55G   0.03315   0.05709  0.006264    0.0965       113       640    0.6612    0.9688    0.9758    0.6886   0.02739   0.03623   0.01148
   201/499     4.55G   0.03844   0.06274  0.007084    0.1083       149       640    0.5558    0.9869    0.9452    0.5958   0.03492   0.03529  0.007952
   202/499     4.55G   0.04272   0.06696  0.006118    0.1158       160       640    0.5018    0.9948    0.9781    0.8035   0.02465   0.03287   0.01034
   203/499     4.55G    0.0291   0.05708  0.006405   0.09258       161       640    0.5715    0.9948     0.979    0.7895   0.01776   0.03077   0.01741
   204/499     4.55G    0.0258   0.05218  0.005794   0.08378       121       640     0.544    0.9948    0.8477    0.6868   0.02407   0.03211   0.01766
   205/499     4.55G   0.03231   0.05702  0.008074    0.0974       166       640    0.5835    0.9948    0.9597    0.5913   0.02483   0.03424   0.01727
   206/499     4.55G   0.03097     0.053  0.006082   0.09006       151       640     0.692    0.9948    0.9757     0.756   0.01964     0.032   0.01084
   207/499     4.55G   0.02602    0.0591  0.006474    0.0916       226       640    0.7367    0.9958    0.9771    0.8283   0.01781   0.03006  0.008974
   208/499     4.55G   0.02268   0.04742  0.006339   0.07644       202       640    0.6884         1    0.9684    0.7097   0.02708   0.03672  0.009001
   209/499     4.55G   0.03867   0.05691  0.005567    0.1011       159       640    0.6309         1    0.9027    0.5024   0.03674   0.04274  0.008878
   210/499     4.55G   0.03918   0.07193  0.006243    0.1174       186       640    0.6335         1    0.9461    0.7766    0.0289   0.03209  0.009754
   211/499     4.55G    0.0287   0.05513   0.00634   0.09017       174       640    0.6002         1     0.982    0.8529   0.02061   0.02963    0.0106
   212/499     4.55G   0.02341   0.05184  0.006896   0.08214       119       640    0.5531         1    0.9894    0.7606   0.02024   0.03106  0.009417
   213/499     4.55G   0.03201    0.0576  0.005614   0.09522       235       640    0.4452         1    0.9645    0.6398   0.03372   0.03664  0.007539
   214/499     4.55G   0.03961   0.06368  0.006237    0.1095       158       640    0.5119         1    0.9881    0.7258   0.02767   0.03183  0.007723
   215/499     4.55G   0.03099   0.05522  0.006231   0.09244       189       640    0.5718         1    0.8623    0.6279   0.02416   0.03024  0.007975
   216/499     4.55G    0.0263   0.04864  0.005127   0.08007       174       640    0.6011    0.9948    0.8226    0.6517    0.0251   0.03169  0.009196
   217/499     4.55G   0.03478   0.05453  0.005194   0.09451       145       640    0.6233         1     0.867    0.6428   0.02717    0.0334  0.008763
   218/499     4.55G   0.03459   0.06426  0.005078    0.1039       238       640    0.6129    0.9948    0.8245    0.7298   0.01856   0.03057  0.008029
   219/499     4.55G   0.02588   0.05743  0.005398   0.08871       206       640    0.6381         1    0.8673    0.7498   0.01537     0.028  0.007649
   220/499     4.55G   0.02289   0.04814  0.005381   0.07641       128       640    0.6893         1    0.9948    0.8508   0.01584   0.02905  0.005239
   221/499     4.55G   0.02664   0.05076  0.004624   0.08203       134       640    0.5939         1    0.9734    0.6857   0.03105   0.03939  0.004587
   222/499     4.55G   0.03712   0.05243  0.004969   0.09452       121       640    0.6931         1     0.985    0.5479   0.03125   0.03493  0.005989
   223/499     4.55G   0.02976   0.04822   0.00541   0.08339       156       640    0.5888         1    0.9653    0.4891   0.02724   0.03184  0.006905
   224/499     4.55G   0.02684   0.04768  0.005308   0.07983       116       640    0.6762    0.9896    0.9684    0.5988   0.02413   0.03197  0.007832
   225/499     4.55G   0.02747   0.05214  0.005846   0.08546       181       640     0.516         1    0.9698    0.6618   0.02337   0.03164  0.007614
   226/499     4.55G   0.02947   0.05648  0.005272   0.09122       132       640    0.7396         1    0.9899    0.8172    0.0198   0.03153  0.007236
   227/499     4.55G   0.02466   0.05299  0.005283   0.08293       177       640    0.7178    0.9948    0.9893    0.8269   0.01706   0.02826   0.00771
   228/499     4.55G   0.02122   0.04682  0.005675   0.07372       152       640    0.7257         1    0.9905    0.8295   0.01957   0.02964  0.005736
   229/499     4.55G    0.0284   0.04924  0.005005   0.08264       146       640    0.5362         1    0.9859    0.7315   0.02291   0.03101  0.005682
   230/499     4.55G   0.03291   0.05377  0.004668   0.09135       148       640    0.6306    0.9896     0.989    0.7939   0.02204   0.02999  0.005789
   231/499     4.55G   0.02564   0.05421  0.004855   0.08471       177       640    0.6557    0.9896    0.9852    0.8141   0.01921   0.02905  0.005677
   232/499     4.55G   0.02162   0.04642  0.005779   0.07382       150       640    0.7777    0.9896    0.9912    0.8555   0.01719   0.02795  0.005616
   233/499     4.55G   0.02925    0.0512  0.005047    0.0855       173       640    0.7268    0.9896    0.9884    0.5998   0.02653   0.03586  0.006462
   234/499     4.55G   0.03554    0.0567   0.00529   0.09753       195       640    0.8075    0.9895    0.9933    0.7938    0.0192   0.02881  0.006494
   235/499     4.55G   0.02394   0.04828  0.005164   0.07738       151       640    0.8214    0.9998    0.9941    0.8434   0.01433    0.0268  0.006152
   236/499     4.55G   0.01987   0.04656  0.004995   0.07143       187       640    0.8066    0.9896    0.9932    0.7942   0.01664   0.02873  0.005584
   237/499     4.55G   0.02815   0.04644  0.004889   0.07947       152       640    0.7296    0.9896    0.9867    0.7005   0.03041   0.03432  0.005665
   238/499     4.55G   0.03508   0.05144  0.004259   0.09078       148       640    0.7838         1    0.9906    0.8409   0.02165   0.03105  0.005707
   239/499     4.55G   0.02289   0.04103  0.004593   0.06851       171       640    0.7908         1    0.9921    0.8116   0.01635   0.02846    0.0056
   240/499     4.55G   0.02049   0.03835  0.005065   0.06391       116       640    0.8358         1    0.9917    0.8613   0.01632   0.02801  0.005905
   241/499     4.55G   0.02881   0.04303  0.005128   0.07696       159       640    0.8052         1    0.9929    0.8067   0.02017   0.02914  0.005641
   242/499     4.55G    0.0293   0.05123  0.004777   0.08531       157       640    0.7904         1    0.9918    0.8728   0.01404    0.0268  0.005951
   243/499     4.55G   0.02169    0.0396    0.0054   0.06669       115       640    0.7744         1    0.9904    0.8456    0.0134   0.02649  0.006407
   244/499     4.55G   0.02031   0.04744  0.004953   0.07271       197       640    0.7693    0.9896    0.9879    0.7565    0.0187   0.02945  0.006014
   245/499     4.55G   0.03109   0.04873   0.00415   0.08397       127       640    0.7744    0.9981    0.9865    0.6865   0.02455   0.03359  0.006414
   246/499     4.55G   0.03208   0.05325  0.004613   0.08995       112       640     0.791         1    0.9823    0.8163   0.01975   0.03017  0.007259
   247/499     4.55G   0.02038   0.04452  0.004612   0.06951       138       640    0.8205         1    0.9859    0.8368   0.01402   0.02657  0.007296
   248/499     4.55G   0.01802   0.04555  0.004307   0.06788       129       640     0.806         1    0.9913     0.834   0.01641   0.02835   0.00596
   249/499     4.55G   0.02447   0.05027  0.004385   0.07913       169       640    0.7586    0.9948    0.9923    0.7823   0.01908   0.03324  0.005308
   250/499     4.55G   0.02563    0.0494  0.004286   0.07931       166       640    0.7241    0.9948    0.9905     0.781   0.01646   0.02707   0.00935
   251/499     4.55G    0.0193     0.033  0.005416   0.05772       103       640    0.7015    0.9948    0.9854    0.7837   0.01329    0.0256   0.01503
   252/499     4.55G    0.0181   0.03838  0.004448   0.06092       173       640    0.6907    0.9948    0.9846    0.7881   0.01869   0.03015   0.02071
   253/499     4.55G   0.02655    0.0541  0.004763   0.08541       185       640    0.6947    0.9948    0.9872    0.7948   0.01786   0.02881  0.009771
   254/499     4.55G   0.03103   0.05624  0.004655   0.09192       122       640     0.728    0.9948    0.9926    0.8638    0.0169   0.02865  0.004922
   255/499     4.55G   0.02164    0.0469  0.004516   0.07305       175       640    0.8076    0.9992    0.9933    0.8542   0.01379   0.02767  0.005085
   256/499     4.55G   0.01776   0.04702  0.004367   0.06914       177       640    0.8179         1    0.9916    0.8778   0.01361   0.02603  0.006184
   257/499     4.55G   0.02534   0.05112  0.004476   0.08094       163       640    0.7628         1    0.9861    0.7065   0.02277   0.03142  0.006333
   258/499     4.55G   0.02851   0.04651  0.004048   0.07906       121       640    0.8246         1    0.9895    0.8419   0.01518   0.02698  0.005915
   259/499     4.55G   0.01921   0.04341  0.005134   0.06775       127       640    0.8273         1    0.9904    0.9032   0.01106   0.02398  0.005708
   260/499     4.55G   0.01676   0.03802  0.004164   0.05895       130       640    0.7943    0.9948    0.9879    0.8529   0.01339   0.02549  0.006356
   261/499     4.55G   0.02452   0.04549  0.004404   0.07442       153       640    0.8532    0.9948    0.9863    0.8507   0.01663   0.02784  0.006176
   262/499     4.55G   0.02718   0.05116  0.003759    0.0821       198       640    0.8766         1    0.9871    0.8294   0.01636   0.02736   0.00606
   263/499     4.55G   0.02129   0.04059  0.003673   0.06555       135       640    0.8865         1    0.9882    0.8294   0.01416   0.02594  0.005896
   264/499     4.55G   0.01676    0.0436  0.003769   0.06413       137       640    0.8736         1    0.9886    0.8643   0.01372   0.02577   0.00568
   265/499     4.55G   0.02495   0.04641  0.003692   0.07505       164       640    0.8836         1    0.9893    0.7774   0.01957   0.02901  0.005686
   266/499     4.55G   0.02734   0.04474  0.003857   0.07594       172       640    0.8723         1     0.992    0.8397   0.01608   0.02732  0.005841
   267/499     4.55G   0.02108   0.03756   0.00425   0.06289       104       640    0.8864         1    0.9927    0.8292     0.016   0.02675  0.005496
   268/499     4.55G    0.0193     0.041  0.004137   0.06444       153       640    0.8688         1    0.9928    0.8072   0.01657   0.02715  0.005988
   269/499     4.55G   0.02513   0.04577   0.00378   0.07467       132       640     0.875         1    0.9941    0.8237   0.02106    0.0307  0.005114
   270/499     4.55G    0.0268   0.04444  0.004008   0.07525       126       640    0.8823         1    0.9941    0.8079   0.01442   0.02587  0.005061
   271/499     4.55G   0.01981   0.04954  0.004389   0.07374       259       640    0.8801         1     0.995    0.8103   0.01463   0.02594  0.004994
   272/499     4.55G   0.01785   0.04188  0.003883   0.06361       167       640    0.8805         1    0.9956    0.8932   0.01171   0.02495  0.005183
   273/499     4.55G   0.02448   0.04853   0.00396   0.07697       164       640    0.8306         1    0.9912    0.7845   0.02278   0.03265  0.004831
   274/499     4.55G   0.02801   0.05391  0.004359   0.08627       170       640    0.8651         1    0.9955    0.8336   0.01766   0.02848  0.004973
   275/499     4.55G   0.01878   0.04004  0.004024   0.06284       156       640    0.8595         1    0.9956    0.8853    0.0115   0.02553    0.0053
   276/499     4.55G   0.01593   0.03468  0.003954   0.05456       161       640    0.8568         1    0.9957    0.8123   0.01261   0.02569  0.004388
   277/499     4.55G   0.02117   0.04343  0.003993   0.06859       135       640    0.8645         1    0.9957    0.8275   0.01836   0.03119   0.00392
   278/499     4.55G   0.02463   0.04564  0.003612   0.07388       115       640    0.8699         1    0.9957    0.8947   0.01226   0.02506  0.003607
   279/499     4.55G   0.01754   0.03515  0.004223   0.05691       115       640    0.8842         1    0.9957    0.8941   0.01137   0.02432  0.003391
   280/499     4.55G    0.0158   0.03563  0.003679    0.0551       154       640    0.9039         1    0.9957    0.9011   0.01341   0.02538  0.003372
   281/499     4.55G   0.02276   0.04355  0.003948   0.07026       142       640    0.8873         1    0.9957    0.7978   0.01846   0.02897  0.003139
   282/499     4.55G   0.02504   0.04987  0.003734   0.07865       150       640    0.8723         1    0.9941    0.8596   0.01609   0.02736   0.00315
   283/499     4.55G   0.01714   0.03986  0.003421   0.06042       160       640     0.879         1    0.9957    0.8917   0.01069   0.02419  0.003244
   284/499     4.55G    0.0144    0.0383  0.003597    0.0563       194       640    0.8667         1    0.9957    0.8253   0.01604   0.02753  0.003479
   285/499     4.55G   0.02351   0.04618  0.003347   0.07304       116       640    0.8683         1    0.9957    0.8586   0.01457   0.02862  0.003485
   286/499     4.55G   0.02491   0.04834  0.003692   0.07694       152       640    0.8835         1    0.9957    0.8989   0.01225   0.02459  0.003371
   287/499     4.55G   0.01696   0.03622  0.003722    0.0569        99       640    0.8585         1    0.9953    0.8843   0.01139   0.02341  0.003391
   288/499     4.55G    0.0158   0.03485   0.00475    0.0554       136       640    0.8119         1    0.9952    0.8873    0.0169   0.02699  0.003876
   289/499     4.55G   0.02411   0.04964  0.003593   0.07735       177       640    0.8288    0.9987    0.9942    0.8753   0.01544   0.02794   0.00567
   290/499     4.55G   0.02638   0.05245  0.004032   0.08286       163       640    0.8206    0.9948    0.9942    0.9037   0.01294   0.02575  0.008166
   291/499     4.55G   0.01849   0.04252  0.004453   0.06547       143       640    0.8059    0.9948    0.9928    0.8841   0.01172   0.02463   0.01164
   292/499     4.55G   0.01501   0.03663   0.00343   0.05507       183       640    0.7774    0.9829    0.9868    0.8912   0.01198   0.02479   0.01762
   293/499     4.55G   0.02051   0.03913  0.003531   0.06317       110       640    0.7348    0.9838    0.9893    0.7903   0.01694   0.02846   0.01677
   294/499     4.55G   0.02421   0.04849  0.003754   0.07646       193       640    0.7434    0.9985    0.9932    0.8889   0.01255   0.02575   0.01095
   295/499     4.55G   0.01773   0.04551  0.003985   0.06722       195       640     0.739         1    0.9937    0.9101   0.01036   0.02343  0.008535
   296/499     4.55G   0.01598   0.04117  0.003557   0.06071       204       640    0.7738         1    0.9943    0.8374   0.01599   0.02741  0.005436
   297/499     4.55G   0.02631   0.04474   0.00342   0.07448       152       640    0.7776         1    0.9956    0.7911   0.01853   0.02824  0.004418
   298/499     4.55G   0.02655   0.05215  0.003706    0.0824       136       640    0.7855         1    0.9953     0.833   0.01648   0.02749  0.004423
   299/499     4.55G   0.01877   0.04039  0.003896   0.06305       138       640    0.7885         1    0.9957    0.8909   0.01148   0.02479  0.004572
   300/499     4.55G   0.01609   0.03475  0.003899   0.05475       144       640    0.7944         1    0.9951    0.8663   0.01389    0.0264    0.0044
   301/499     4.55G   0.02148   0.04363  0.003683    0.0688       153       640    0.8135         1    0.9946    0.8974   0.01538   0.02788  0.006052
   302/499     4.55G   0.02226   0.04097  0.003578   0.06681       114       640    0.8524         1    0.9942    0.8615   0.01334   0.02631   0.00682
   303/499     4.55G    0.0172   0.03432  0.003583    0.0551       116       640    0.8393    0.9948    0.9936    0.8883   0.01155   0.02516  0.008204
   304/499     4.55G   0.01412   0.03868  0.003893    0.0567       143       640    0.8448    0.9962    0.9936    0.9203   0.01246   0.02607  0.008246
   305/499     4.55G   0.02003   0.04273  0.003543    0.0663       165       640    0.8493     0.996    0.9945     0.916   0.01394   0.02625  0.007033
   306/499     4.55G    0.0225   0.03927  0.003179   0.06494       176       640    0.8798         1    0.9951    0.8884   0.01188   0.02438  0.004508
   307/499     4.55G    0.0157   0.03598   0.00314   0.05482       166       640    0.8953         1    0.9952    0.9073   0.00957    0.0229  0.003463
   308/499     4.55G   0.01403   0.03696  0.003631   0.05462       174       640     0.897         1    0.9957    0.9172   0.01095   0.02418  0.003326
   309/499     4.55G   0.01955   0.04698  0.003529   0.07006       184       640    0.8904         1    0.9952    0.8389   0.01689   0.02912  0.004052
   310/499     4.55G   0.02187   0.03972  0.002792   0.06438       165       640    0.8838         1    0.9951    0.9249   0.01246   0.02524  0.005144
   311/499     4.55G   0.01674   0.03368  0.002903   0.05332       185       640    0.8853         1    0.9945    0.8783   0.01159   0.02421   0.00633
   312/499     4.55G     0.015   0.03891  0.003306   0.05721       176       640    0.8686         1    0.9939    0.8578   0.01261   0.02552  0.007372
   313/499     4.55G    0.0197   0.03742  0.003127   0.06025       127       640    0.8702         1    0.9949    0.8401   0.01632   0.02748  0.006351
   314/499     4.55G   0.02318   0.04556  0.003626   0.07237       208       640    0.8746         1    0.9949    0.9063   0.01323   0.02485  0.005181
   315/499     4.55G    0.0176   0.04101  0.004294    0.0629       163       640    0.8807         1    0.9953    0.9265   0.00974   0.02274  0.004654
   316/499     4.55G   0.01524    0.0346  0.003399   0.05324       166       640    0.8867         1    0.9951    0.9237   0.01295   0.02648   0.00419
   317/499     4.55G   0.02007   0.03788  0.003341    0.0613       168       640     0.873         1    0.9951    0.9003   0.01912   0.02969  0.003967
   318/499     4.55G   0.02248   0.04324  0.003703   0.06943        94       640    0.8422         1    0.9952    0.8893   0.01372   0.02657  0.003783
   319/499     4.55G   0.01712   0.04387  0.004128   0.06512       158       640    0.8236         1    0.9953    0.8973   0.01055    0.0241  0.003542
   320/499     4.55G   0.01524   0.03673  0.003129    0.0551       181       640     0.815         1    0.9958    0.8906   0.01105   0.02414   0.00325
   321/499     4.55G    0.0208     0.045  0.003133   0.06894       139       640     0.808         1    0.9957    0.8952   0.01318   0.02677  0.003107
   322/499     4.55G   0.01891   0.03879  0.003372   0.06107       156       640    0.8055         1    0.9958    0.9215   0.01105   0.02342  0.003119
   323/499     4.55G   0.01369    0.0314  0.003272   0.04837       148       640    0.8068         1    0.9958    0.9178  0.009508   0.02282  0.003137
   324/499     4.55G   0.01288   0.03398   0.00331   0.05016       100       640    0.7929         1    0.9957    0.9037   0.01024   0.02327  0.003137
   325/499     4.55G   0.01709   0.04188  0.002903   0.06187       129       640     0.801         1    0.9953    0.9144   0.01336   0.02667  0.003387
   326/499     4.55G    0.0201   0.04127   0.00317   0.06454        95       640    0.7911         1    0.9953    0.9083    0.0106    0.0236  0.003489
   327/499     4.55G   0.01462   0.03554  0.003588   0.05375       134       640    0.7906         1    0.9953    0.9352  0.009042   0.02222  0.003557
   328/499     4.55G   0.01367   0.03092  0.002877   0.04747       117       640    0.8126         1    0.9953    0.9256   0.01082   0.02322  0.003367
   329/499     4.55G   0.01921   0.04297  0.003374   0.06555       180       640    0.8133         1    0.9953    0.8714   0.01204   0.02383  0.003324
   330/499     4.55G   0.01785   0.03803  0.002936   0.05882       174       640    0.8149         1    0.9952    0.9097    0.0106   0.02273  0.003452
   331/499     4.55G   0.01502   0.03725  0.003149   0.05542       161       640    0.8125         1    0.9951    0.8867    0.0102   0.02237  0.003504
   332/499     4.55G    0.0122   0.03143  0.003671    0.0473       175       640    0.8006         1    0.9951    0.9164   0.01127   0.02347  0.003762
   333/499     4.55G   0.01745   0.03461  0.003151   0.05521       142       640     0.793         1    0.9949    0.8226   0.01586   0.02774   0.00401
   334/499     4.55G   0.02164   0.04642  0.004066   0.07213       104       640    0.7984         1    0.9948    0.8933   0.01201   0.02492  0.004453
   335/499     4.55G   0.01571   0.04163   0.00324   0.06058       245       640    0.7944    0.9984    0.9944    0.9213   0.00895   0.02268  0.005165
   336/499     4.55G   0.01279   0.03195  0.003071   0.04781       128       640    0.7835    0.9948    0.9938    0.8683   0.01168   0.02467  0.006415
   337/499     4.55G   0.01946   0.04017  0.003689   0.06331       152       640    0.7742    0.9948    0.9931    0.8889    0.0133   0.02555  0.006832
   338/499     4.55G   0.01767   0.03765  0.002663   0.05798       162       640    0.7722    0.9948     0.993    0.8958   0.01132   0.02446  0.006564
   339/499     4.55G   0.01566   0.03442  0.002982   0.05306       127       640    0.7793    0.9948    0.9921    0.9224  0.009836   0.02301  0.006428
   340/499     4.55G   0.01343   0.03648  0.003197   0.05311       149       640    0.7788         1     0.992     0.874   0.01124   0.02528  0.005658
   341/499     4.55G   0.01745   0.03645  0.002863   0.05676       132       640    0.7865         1    0.9923    0.8889   0.01124   0.02403  0.005523
   342/499     4.55G   0.01783   0.03785  0.003487   0.05918       142       640    0.7914         1    0.9913    0.8831  0.009855   0.02364  0.005159
   343/499     4.55G   0.01249   0.03142  0.003254   0.04716       150       640    0.7944    0.9896    0.9906    0.9168  0.008095    0.0223  0.004878
   344/499     4.55G   0.01207   0.03275  0.003092   0.04791       131       640    0.8181    0.9896    0.9899    0.8659   0.01075   0.02363  0.005182
   345/499     4.55G   0.01928   0.04772  0.003998   0.07101       169       640    0.8259    0.9896      0.99    0.8557   0.01285   0.02466  0.005314
   346/499     4.55G   0.02051   0.04044  0.003012   0.06396       108       640    0.8273    0.9896    0.9906    0.9119  0.009756   0.02318  0.005775
   347/499     4.55G   0.01352   0.03431  0.003903   0.05173       145       640    0.8106         1    0.9912    0.9106  0.008738   0.02189  0.005914
   348/499     4.55G   0.01172   0.03317  0.003083   0.04797       138       640    0.7775    0.9844    0.9908    0.9047   0.01072   0.02407  0.006244
   349/499     4.55G   0.01684   0.03794  0.002616   0.05739       117       640    0.7642    0.9896    0.9905    0.8199   0.01398   0.02553  0.006275
   350/499     4.55G   0.01905   0.03861  0.002748   0.06041       201       640    0.7502    0.9896    0.9905    0.8797   0.01122   0.02367  0.006431
   351/499     4.55G   0.01496   0.03653  0.003051   0.05454       123       640    0.7606    0.9942    0.9909    0.9074  0.009096   0.02213  0.006635
   352/499     4.55G   0.01415   0.03459  0.003073   0.05181       170       640    0.7679    0.9948    0.9914    0.8716   0.01125   0.02352    0.0069
   353/499     4.55G    0.0184   0.03581  0.003103   0.05731       113       640    0.7644    0.9948    0.9924     0.915   0.01299   0.02556  0.006738
   354/499     4.55G   0.01866   0.04024  0.002977   0.06188       134       640    0.7469    0.9948     0.991    0.9071   0.01017   0.02254  0.007598
   355/499     4.55G   0.01465   0.03573  0.003126   0.05351       122       640    0.7306    0.9948    0.9912    0.9243  0.008647   0.02169  0.008511
   356/499     4.55G   0.01199   0.02931  0.002904    0.0442       170       640    0.7286    0.9896    0.9909    0.9162   0.01024   0.02302  0.009937
   357/499     4.55G   0.01704   0.03772  0.002626   0.05739       168       640     0.725    0.9896    0.9907    0.8781   0.01116   0.02406  0.009933
   358/499     4.55G    0.0191   0.04201  0.003187    0.0643       200       640    0.7291    0.9896    0.9904    0.8901  0.009658   0.02226   0.01012
   359/499     4.55G   0.01385   0.03368  0.003233   0.05077       147       640    0.7662    0.9844    0.9905    0.9196  0.008538   0.02169   0.01027
   360/499     4.55G   0.01285   0.03586  0.002571   0.05128       157       640    0.8351    0.9844    0.9915    0.9118  0.009942   0.02274  0.009938
   361/499     4.55G   0.01573   0.03506  0.002898   0.05369       166       640     0.854    0.9896    0.9926     0.856   0.01248   0.02437  0.008311
   362/499     4.55G   0.01826   0.03897  0.002952   0.06018       197       640    0.8634    0.9934     0.993    0.9108  0.008951   0.02199  0.007345
   363/499     4.55G   0.01284   0.03061  0.002884   0.04633       135       640      0.86    0.9948    0.9939    0.9307   0.00809    0.0215  0.006621
   364/499     4.55G   0.01173   0.03157   0.00247   0.04577       169       640    0.8726    0.9948    0.9942    0.9252  0.009948   0.02286  0.005887
   365/499     4.55G   0.01631   0.03546  0.002733    0.0545       137       640    0.8693    0.9953    0.9943    0.8497   0.01344   0.02552  0.005373
   366/499     4.55G   0.01872   0.03816  0.003056   0.05993       152       640     0.872    0.9948    0.9944    0.9223   0.01032   0.02272  0.004964
   367/499     4.55G   0.01259   0.03034  0.002673    0.0456       126       640    0.8748         1    0.9945    0.9338  0.008582   0.02156    0.0043
   368/499     4.55G   0.01208   0.03085  0.002334   0.04527       198       640    0.8719         1    0.9952    0.9421  0.009712   0.02265  0.003722
   369/499     4.55G   0.01674    0.0367  0.002482   0.05592       174       640     0.847         1    0.9951    0.8611   0.01475   0.02679  0.003453
   370/499     4.55G    0.0196   0.04131  0.002963   0.06388       166       640    0.8313         1     0.995    0.9175  0.009508   0.02258  0.003548
   371/499     4.55G    0.0135    0.0341  0.003153   0.05075       114       640    0.8369         1    0.9948    0.9313  0.008585   0.02164  0.003582
   372/499     4.55G   0.01246   0.02917  0.002364   0.04399       139       640    0.8205         1    0.9945    0.9364  0.009028    0.0218    0.0037
   373/499     4.55G   0.01658   0.03851  0.003476   0.05856       184       640    0.8159         1    0.9945    0.9174   0.01011   0.02361  0.003878
   374/499     4.55G   0.01632   0.04004  0.002814   0.05917       116       640     0.819         1    0.9941    0.9483  0.008587   0.02128  0.004003
   375/499     4.55G   0.01324   0.03545  0.003201   0.05189       163       640    0.8224         1    0.9934    0.9289  0.008046   0.02119  0.003957
   376/499     4.55G   0.01174   0.03354  0.003057   0.04833       190       640    0.8116    0.9937     0.993    0.9383  0.008602   0.02103  0.004095
   377/499     4.55G   0.01386   0.03182  0.002248   0.04792       180       640    0.7929    0.9896    0.9928    0.9206   0.01234   0.02373   0.00384
   378/499     4.55G   0.01691   0.03598  0.002542   0.05542       194       640     0.786    0.9913    0.9927    0.9412   0.01071   0.02284  0.003809
   379/499     4.55G   0.01374   0.03803  0.002963   0.05473       186       640    0.7829     0.991    0.9927     0.943  0.008371   0.02134  0.003933
   380/499     4.55G   0.01176   0.03095  0.002906   0.04562       151       640    0.7923         1    0.9939    0.9334  0.009939   0.02253  0.003674
   381/499     4.55G   0.01677   0.04245  0.002566   0.06179       197       640    0.7741         1    0.9941    0.8801   0.01054   0.02375   0.00368
   382/499     4.55G   0.01806    0.0408   0.00295    0.0618       144       640    0.7775         1    0.9947    0.9183   0.01086   0.02332  0.003589
   383/499     4.55G   0.01212   0.03165  0.002201   0.04597       133       640    0.7726         1    0.9947    0.9354  0.008386   0.02145  0.003585
   384/499     4.55G   0.01161   0.03371  0.002631   0.04795       198       640    0.7841         1    0.9947    0.9178  0.008939   0.02199  0.003509
   385/499     4.55G    0.0152   0.03501  0.002762   0.05297       122       640    0.7901         1     0.995    0.9136   0.01079   0.02304  0.003237
   386/499     4.55G   0.01616   0.03607  0.002928   0.05516       100       640    0.7949         1     0.995    0.9137   0.00881   0.02129  0.003161
   387/499     4.55G    0.0133   0.03413  0.002826   0.05025       171       640    0.8065         1    0.9951    0.9069  0.008596   0.02092  0.002948
   388/499     4.55G   0.01139   0.03169  0.002885   0.04596       167       640    0.8247         1     0.995    0.8951    0.0129    0.0252  0.002804
   389/499     4.55G   0.01982   0.04586  0.002721    0.0684       195       640    0.8267         1    0.9952    0.9147   0.01116   0.02327  0.002753
   390/499     4.55G   0.01828   0.03787  0.002358   0.05851       125       640    0.8311         1    0.9956    0.9137  0.009622    0.0219   0.00271
   391/499     4.55G   0.01304   0.03297  0.002925   0.04894       194       640    0.8353         1    0.9957    0.9129  0.009375   0.02195  0.002654
   392/499     4.55G   0.01135   0.03353  0.002428   0.04731       177       640    0.8357         1    0.9958    0.9246  0.008623   0.02206  0.002512
   393/499     4.55G   0.01505   0.03499  0.002473   0.05251       121       640    0.8322         1    0.9958    0.8798   0.01105   0.02444  0.002452
   394/499     4.55G    0.0172   0.03635  0.002267   0.05582       176       640    0.8231         1    0.9958    0.9263  0.008713   0.02176  0.002442
   395/499     4.55G   0.01228   0.03338  0.002119   0.04778       149       640    0.8216         1    0.9958     0.934  0.007843   0.02138   0.00242
   396/499     4.55G   0.01102   0.02672  0.002711   0.04046        99       640     0.819         1    0.9958    0.9311  0.008571   0.02247  0.002493
   397/499     4.55G   0.01453   0.03439  0.003655   0.05257       128       640    0.8121         1    0.9958    0.9379  0.009844   0.02374  0.002576
   398/499     4.55G   0.01523   0.03888  0.002713   0.05683       198       640     0.819         1    0.9958    0.9035  0.008267   0.02219  0.002602
   399/499     4.55G   0.01155   0.02948  0.002924   0.04396        98       640    0.8225         1    0.9958    0.9403   0.00755    0.0215  0.002666
   400/499     4.55G   0.01075   0.03111  0.002435    0.0443       141       640    0.8352         1    0.9957      0.93  0.009113   0.02236  0.002732
   401/499     4.55G   0.01518    0.0331   0.00233   0.05061       159       640    0.8275         1    0.9957    0.8805   0.01207   0.02417  0.002801
   402/499     4.55G   0.01604   0.03049  0.002449   0.04898       121       640    0.8258         1    0.9957    0.9357  0.008965    0.0219  0.002759
   403/499     4.55G   0.01295   0.03273  0.002637   0.04831       192       640    0.8329         1    0.9957    0.9386  0.008015   0.02109  0.002604
   404/499     4.55G   0.01252   0.03166  0.002752   0.04693       142       640    0.8298         1    0.9957    0.9447  0.008014   0.02105  0.002533
   405/499     4.55G   0.01253   0.02936  0.002393   0.04428       127       640     0.842         1    0.9957    0.9218   0.01089   0.02305  0.002544
   406/499     4.55G   0.01531   0.03512  0.002838   0.05327       137       640    0.8379         1    0.9955    0.9222  0.009381   0.02139  0.002534
   407/499     4.55G    0.0135   0.03158  0.003168   0.04824        89       640    0.8323         1    0.9954    0.9148  0.008705   0.02066  0.002541
   408/499     4.55G   0.01316   0.03505  0.003176   0.05139       182       640    0.8235         1    0.9956    0.9383  0.008382    0.0206  0.002458
   409/499     4.55G   0.01277    0.0301  0.002136   0.04501        93       640     0.825         1    0.9956    0.9374   0.01004   0.02244  0.002437
   410/499     4.55G   0.01457   0.03337  0.002824   0.05076       113       640    0.8204         1    0.9957    0.9418  0.007924   0.02052  0.002358
   411/499     4.55G   0.01111   0.02928  0.002733   0.04312       151       640    0.8167         1    0.9957    0.9688  0.007539   0.02037  0.002335
   412/499     4.55G    0.0117   0.03405  0.002502   0.04825       128       640    0.8105         1    0.9951    0.9293  0.009136   0.02217   0.00247
   413/499     4.55G   0.01517   0.03755  0.002809   0.05552       146       640    0.8133         1    0.9949    0.9056   0.01071   0.02438  0.002566
   414/499     4.55G    0.0166   0.03328  0.002235   0.05212       132       640    0.8139         1    0.9945    0.9292  0.009724   0.02349  0.002635
   415/499     4.55G    0.0126   0.02935  0.002714   0.04467       157       640    0.8061         1    0.9942    0.9608  0.007743   0.02153  0.002651
   416/499     4.55G   0.01103   0.02628  0.002411   0.03971       153       640    0.7924    0.9896    0.9923    0.9305  0.008082    0.0223  0.002749
   417/499     4.55G   0.01219   0.02927  0.002424   0.04388       130       640    0.7864    0.9896    0.9931    0.8923   0.01079   0.02321  0.002742
   418/499     4.55G   0.01411   0.03207  0.002343   0.04853       139       640    0.7933    0.9958    0.9938    0.9261  0.008277   0.02099  0.002732
   419/499     4.55G   0.01205   0.03105  0.002674   0.04577       143       640    0.8006    0.9963     0.994    0.9388  0.007424   0.02033  0.002702
   420/499     4.55G   0.01106   0.03194   0.00253   0.04552       152       640    0.7972    0.9896     0.993    0.9233  0.008477   0.02034  0.002795
   421/499     4.55G   0.01298   0.03068  0.002333     0.046       116       640    0.8012    0.9896    0.9925    0.9365   0.00951   0.02188  0.002839
   422/499     4.55G   0.01478   0.03404  0.002546   0.05137       201       640    0.8124    0.9896     0.992     0.929  0.007959   0.02013  0.002869
   423/499     4.55G   0.01197    0.0313  0.002329    0.0456       137       640    0.8192    0.9896    0.9915    0.9386  0.007463   0.01972  0.002898
   424/499     4.55G    0.0102   0.02532   0.00236   0.03788       101       640    0.8281    0.9896    0.9926    0.9311  0.008811   0.02051  0.002855
   425/499     4.55G   0.01416   0.03471  0.002812   0.05168       142       640    0.8269    0.9896    0.9934    0.9397  0.009242   0.02142  0.002725
   426/499     4.55G   0.01408   0.03451  0.002152   0.05074       120       640    0.8181         1    0.9939    0.9184  0.008382   0.02027  0.002666
   427/499     4.55G    0.0118   0.03156  0.002483   0.04584       160       640    0.8109         1    0.9943    0.9403  0.007728   0.01979  0.002609
   428/499     4.55G   0.01001   0.02816  0.003706   0.04187       129       640    0.8261         1    0.9937    0.9373  0.007665   0.02025  0.002621
   429/499     4.55G   0.01269   0.03115  0.002844   0.04669       130       640    0.8464    0.9973    0.9944    0.9175  0.008992   0.02068  0.002625
   430/499     4.55G   0.01373   0.03416  0.002357   0.05024       223       640    0.8389    0.9949    0.9938     0.929  0.007949   0.02005  0.002638
   431/499     4.55G   0.01095   0.03248  0.001986   0.04542       172       640    0.8406    0.9975    0.9936     0.936  0.007506   0.01973  0.002642
   432/499     4.55G   0.01132   0.03108   0.00247   0.04487       198       640    0.8307         1    0.9934    0.9367  0.008303   0.02084  0.002631
   433/499     4.55G   0.01481   0.03707  0.002362   0.05424       210       640    0.8305         1    0.9946    0.9137   0.01035   0.02244  0.002586
   434/499     4.55G   0.01471   0.03291  0.002102   0.04973       175       640    0.8313         1    0.9949    0.9432  0.007737   0.02094  0.002534
   435/499     4.55G    0.0103   0.02955  0.002488   0.04233       176       640    0.8316         1     0.995     0.938  0.007486   0.02114  0.002516
   436/499     4.55G   0.01119   0.02979  0.002593   0.04358       156       640    0.8307         1    0.9954    0.9464   0.00765   0.02086  0.002414
   437/499     4.55G    0.0125   0.03234  0.002252   0.04709       157       640    0.8072         1    0.9956    0.9219   0.01018   0.02318  0.002348
   438/499     4.55G   0.01482   0.03241   0.00243   0.04967       106       640    0.8061         1    0.9956    0.9415   0.00805   0.02097  0.002319
   439/499     4.55G   0.01122   0.03352  0.002508   0.04725       167       640    0.8038         1    0.9957    0.9429  0.007659   0.02048  0.002383
   440/499     4.55G   0.01097   0.03077    0.0023   0.04404       140       640    0.8064         1    0.9957    0.9288  0.008524   0.02159  0.003061
   441/499     4.55G    0.0138   0.03532  0.002437   0.05156       186       640    0.8115         1    0.9958    0.9293  0.009918   0.02325  0.003308
   442/499     4.55G   0.01434   0.03364  0.001734   0.04971       181       640    0.8145         1    0.9956    0.9239  0.008524   0.02121  0.003595
   443/499     4.55G   0.01248   0.03439  0.002223   0.04909       170       640    0.8264         1    0.9956    0.9301  0.008354   0.02121  0.003891
   444/499     4.55G   0.01044   0.02971  0.002307   0.04246       121       640    0.8379         1    0.9955    0.9351  0.008194   0.02194  0.004781
   445/499     4.55G   0.01321   0.03191  0.002046   0.04717       162       640    0.8512         1    0.9955    0.9146   0.01069   0.02381  0.004623
   446/499     4.55G   0.01555   0.03709  0.002152   0.05479       208       640    0.8684         1     0.995    0.9378  0.008122   0.02155    0.0048
   447/499     4.55G   0.01157   0.03255  0.002902   0.04702       202       640    0.8747         1    0.9947     0.935  0.007479   0.02097  0.004583
   448/499     4.55G   0.00964   0.03015  0.001933   0.04173       162       640    0.8512         1    0.9958     0.922  0.008627   0.02178   0.00359
   449/499     4.55G   0.01359    0.0329  0.002048   0.04853       136       640    0.8668         1    0.9957     0.938  0.008709   0.02149  0.003365
   450/499     4.55G   0.01533   0.03743  0.002092   0.05485       158       640    0.8715         1    0.9957    0.9401   0.00821   0.02099   0.00306
   451/499     4.55G    0.0108   0.03006  0.002101   0.04296       141       640    0.8616         1    0.9957    0.9345   0.00796   0.02086   0.00288
   452/499     4.55G   0.01104   0.02992  0.002518   0.04347       108       640    0.8646         1    0.9957    0.9315  0.007749   0.02074   0.00297
   453/499     4.55G   0.01163   0.02835  0.001849   0.04182       128       640    0.8494         1    0.9957    0.9207  0.008615   0.02086  0.002948
   454/499     4.55G   0.01348   0.03297   0.00233   0.04878       175       640    0.8503         1    0.9957    0.9391  0.007907   0.02069  0.002993
   455/499     4.55G   0.01169    0.0307  0.002085   0.04448       168       640    0.8504         1    0.9958    0.9342  0.007395   0.02031  0.003042
   456/499     4.55G   0.01077   0.02931  0.002073   0.04215       133       640    0.8497         1    0.9958    0.9293  0.007851   0.02096  0.003457
   457/499     4.55G   0.01309   0.03441   0.00244   0.04994       179       640    0.8579         1    0.9958    0.9265  0.008586   0.02148  0.003656
   458/499     4.55G   0.01376   0.03619  0.002248   0.05221       173       640     0.874         1    0.9958    0.9332  0.008001    0.0211  0.003643
   459/499     4.55G   0.01174   0.02978   0.00296   0.04448       164       640    0.8903         1    0.9958    0.9358  0.007597   0.02083   0.00361
   460/499     4.55G   0.01043   0.02595  0.002561   0.03894        93       640    0.8927         1    0.9959    0.9307  0.007755   0.02083  0.003124
   461/499     4.55G   0.01189   0.02856  0.001522   0.04198       144       640      0.87         1    0.9958    0.9277   0.01003   0.02343  0.002766
   462/499     4.55G   0.01258   0.03108  0.002096   0.04576       151       640    0.8616         1    0.9958    0.9313  0.008387   0.02134  0.002547
   463/499     4.55G   0.01004   0.02752  0.002135    0.0397        91       640    0.8482         1    0.9958    0.9376  0.007224   0.02027  0.002409
   464/499     4.55G   0.01096   0.03006  0.002141   0.04316       200       640    0.8352         1    0.9957    0.9458  0.007499   0.02085  0.002339
   465/499     4.55G   0.01146   0.03019  0.002273   0.04392       196       640    0.8302         1    0.9957    0.9241   0.00851   0.02142   0.00232
   466/499     4.55G   0.01227   0.03497  0.002035   0.04927       153       640    0.8418         1    0.9957    0.9381  0.007784    0.0207  0.002373
   467/499     4.55G    0.0109   0.02726  0.002341   0.04051       113       640    0.8356         1    0.9956    0.9408  0.007296   0.02036  0.002424
   468/499     4.55G  0.009539   0.02677  0.002163   0.03847       157       640    0.8198         1    0.9956    0.9323  0.008069    0.0211  0.002448
   469/499     4.55G    0.0121   0.02672   0.00224   0.04106       127       640    0.8067         1    0.9957    0.9222  0.009159   0.02229  0.002402
   470/499     4.55G   0.01327   0.03308  0.002438   0.04879       174       640    0.8009         1    0.9953    0.9475  0.007249   0.02009  0.002512
   471/499     4.55G   0.01059   0.02832  0.002049   0.04096       100       640    0.7943         1    0.9953    0.9426  0.007116   0.01984   0.00264
   472/499     4.55G  0.009747   0.02874   0.00236   0.04085       117       640      0.78         1    0.9953    0.9388  0.007937   0.01983  0.002911
   473/499     4.55G   0.01208   0.02848  0.001665   0.04222       160       640    0.7696         1    0.9952    0.9079   0.00957   0.02212  0.003151
   474/499     4.55G   0.01419   0.03638  0.002686   0.05326       179       640    0.7678         1    0.9953    0.9263  0.009114   0.02078  0.003088
   475/499     4.55G   0.01133   0.02787  0.002588   0.04178       142       640    0.7703         1    0.9953    0.9355    0.0078   0.01984   0.00305
   476/499     4.55G  0.009674   0.02737    0.0016   0.03865       229       640    0.7787         1    0.9953     0.934  0.007885   0.02009  0.003051
   477/499     4.55G   0.01342   0.03196   0.00255   0.04794       167       640     0.789         1    0.9953    0.9326  0.007991   0.02038  0.003087
   478/499     4.55G   0.01185   0.02786  0.001726   0.04144       153       640    0.7859         1    0.9953    0.9369  0.007768   0.02025  0.003122
   479/499     4.55G   0.01099   0.02885  0.002362    0.0422       128       640    0.7868         1    0.9953    0.9474   0.00752   0.02018  0.003133
   480/499     4.55G   0.01056   0.02766  0.002595   0.04082       145       640    0.7903         1    0.9953    0.9427  0.008167   0.02154  0.002937
   481/499     4.55G   0.01284    0.0324  0.001903   0.04715       166       640    0.7675         1    0.9953    0.8969  0.009511   0.02295  0.002891
   482/499     4.55G   0.01451   0.03499   0.00224   0.05173       171       640    0.7681         1    0.9953    0.9371  0.008993   0.02204  0.002836
   483/499     4.55G   0.01121   0.02973  0.001877   0.04282       137       640    0.7665         1    0.9953     0.949  0.007933   0.02094  0.002755
   484/499     4.55G   0.01032   0.02658  0.002521   0.03942       129       640    0.7628         1    0.9953    0.9466  0.007538   0.02065  0.002728
   485/499     4.55G   0.01211   0.03347  0.001913    0.0475       178       640    0.7573         1    0.9953    0.9361  0.008971   0.02267  0.002758
   486/499     4.55G   0.01215   0.03224  0.001972   0.04636       143       640    0.7574         1    0.9953    0.9449  0.007883   0.02128  0.002807
   487/499     4.55G   0.01093   0.02953  0.002344    0.0428       165       640    0.7563         1    0.9953    0.9455  0.007516   0.02066  0.002799
   488/499     4.55G   0.01148   0.03179  0.002543   0.04581       142       640    0.7591         1     0.871    0.8316  0.007354   0.02061  0.002995
   489/499     4.55G   0.01128   0.02847  0.001982   0.04173        99       640    0.7678         1     0.871     0.813  0.008997   0.02229  0.003069
   490/499     4.55G   0.01444   0.03365  0.002511    0.0506       125       640    0.7622         1     0.871     0.832  0.007686   0.02088  0.003101
   491/499     4.55G    0.0114   0.03415   0.00223   0.04778       176       640     0.762         1    0.8706    0.8352  0.007143   0.02031  0.003165
   492/499     4.55G   0.01026   0.03202  0.002161   0.04444       200       640    0.7648         1    0.8704    0.8078  0.008686   0.02181   0.00327
   493/499     4.55G   0.01336   0.02871  0.002615   0.04469       126       640     0.771         1    0.9951    0.9171   0.00854   0.02109  0.003282
   494/499     4.55G   0.01537   0.03658  0.002347    0.0543       182       640    0.8218         1    0.9951    0.9385  0.008065   0.02129  0.003386
   495/499     4.55G   0.01146   0.03162  0.002081   0.04516       105       640    0.8735         1    0.9948    0.9349  0.007193   0.02038  0.003432
   496/499     4.55G    0.0114   0.02991  0.001727   0.04303       186       640     0.896         1    0.9946    0.9221  0.007671   0.02035  0.003568
   497/499     4.55G   0.01241   0.02945  0.001734   0.04359       139       640    0.9049         1    0.9939    0.9154   0.00858   0.02139  0.003636
   498/499     4.55G   0.01475   0.03266   0.00293   0.05034       192       640    0.9047         1    0.9939    0.9252  0.007655   0.02058  0.003539
   499/499     4.55G   0.01139   0.02821  0.002532   0.04212       149       640    0.9058         1    0.9947    0.9408  0.007491   0.02082  0.003448
