      0/99     5.15G    0.1239    0.1065   0.05642    0.2868       248       640         0         0  0.002872 0.0004508    0.1296   0.06951   0.06045
      1/99     5.12G     0.124    0.1238   0.05621     0.304       326       640         0         0  0.003022 0.0005238    0.1288   0.07025   0.06003
      2/99     5.12G    0.1235    0.1129   0.05626    0.2927       262       640         0         0  0.002534 0.0006007    0.1278   0.07136   0.05958
      3/99     5.12G    0.1208    0.1017   0.05651     0.279       170       640         0         0  0.004564 0.0009384    0.1265   0.07284   0.05903
      4/99     5.12G    0.1204    0.1045   0.05604     0.281       219       640         0         0  0.004861 0.0009864    0.1249   0.07492   0.05842
      5/99     5.12G    0.1207    0.1329   0.05507    0.3087       339       640         0         0  0.003861  0.001068    0.1232   0.07712   0.05786
      6/99     5.12G    0.1199    0.1278   0.05543    0.3031       225       640         0         0   0.00469  0.001083    0.1213   0.07975   0.05734
      7/99     5.12G    0.1173    0.1083   0.05523    0.2808       225       640         0         0  0.004767  0.001118    0.1191   0.08268   0.05675
      8/99     5.12G    0.1185    0.1233   0.05455    0.2963       273       640         0         0  0.005466  0.001117    0.1171   0.08548   0.05623
      9/99     5.12G    0.1161    0.1254   0.05402    0.2955       310       640         0         0   0.01096   0.00187    0.1147   0.08864   0.05572
     10/99     5.12G    0.1146    0.1201   0.05341    0.2881       232       640         0         0   0.01545  0.002642    0.1123   0.09167   0.05524
     11/99     5.12G    0.1132    0.1206   0.05333    0.2872       217       640         0         0   0.01831  0.004017    0.1099   0.09447   0.05477
     12/99     5.12G    0.1142    0.1343   0.05286    0.3014       295       640         0         0   0.02004  0.004676    0.1077   0.09686   0.05424
     13/99     5.12G    0.1132    0.1472   0.05233    0.3127       280       640         0         0   0.02376  0.005698    0.1057   0.09852   0.05381
     14/99     5.12G    0.1076    0.1147   0.05246    0.2748       167       640         0         0   0.03086  0.006446    0.1035    0.1002   0.05325
     15/99     5.12G    0.1067    0.1206   0.05178    0.2791       236       640         0         0   0.04305  0.009793    0.1014    0.1016   0.05273
     16/99     5.12G    0.1051    0.1092   0.05113    0.2655       193       640         0         0   0.05546   0.01362   0.09926    0.1024   0.05217
     17/99     5.12G    0.1034    0.1216   0.05192    0.2769       218       640    0.1187  0.004945   0.06255   0.01537   0.09722    0.1029   0.05163
     18/99     5.12G    0.1071    0.1401   0.05073    0.2979       329       640   0.05957   0.01042   0.07108   0.01797   0.09542    0.1023   0.05123
     19/99     5.12G    0.1052    0.1274    0.0503     0.283       262       640   0.06742   0.02316   0.08148    0.0198   0.09404     0.101   0.05087
     20/99     5.12G    0.1035    0.1256   0.05035    0.2794       239       640   0.08199   0.05848   0.08479   0.02221    0.0926   0.09958   0.05033
     21/99     5.12G     0.104     0.121   0.05058    0.2757       257       640   0.07009   0.09896    0.0874   0.02344   0.09131   0.09829   0.04977
     22/99     5.12G    0.1016    0.1115   0.05024    0.2633       271       640   0.06136    0.1354   0.09878   0.02729   0.09035   0.09736   0.04915
     23/99     5.12G   0.09977    0.1153   0.04972    0.2648       212       640   0.05525    0.1562     0.106   0.02513   0.08916   0.09607    0.0486
     24/99     5.12G    0.1002    0.1277   0.04885    0.2767       321       640   0.09191    0.2213    0.1362   0.02889   0.08808   0.09495   0.04831
     25/99     5.12G   0.09698    0.1033   0.04875    0.2491       224       640   0.04651    0.2067    0.1165   0.02716    0.0866   0.09385   0.04774
     26/99     5.12G    0.0976    0.1051   0.04878    0.2515       270       640   0.04702    0.2468    0.1246   0.03625   0.08388    0.0929   0.04687
     27/99     5.12G   0.09504    0.1033   0.04766     0.246       221       640    0.0491    0.3009    0.1239   0.03504   0.08162   0.09299   0.04587
     28/99     5.12G    0.0931   0.09394   0.04657    0.2336       160       640    0.0461    0.3341    0.1186   0.03093   0.08009   0.09294   0.04488
     29/99     5.12G   0.09277    0.1097   0.04659    0.2491       274       640   0.06484    0.3311     0.127   0.03102   0.07888   0.09111   0.04419
     30/99     5.12G   0.09241   0.09703   0.04683    0.2363       283       640   0.04295    0.3882    0.1269   0.03712   0.07667   0.09037    0.0431
     31/99     5.12G   0.08585   0.09736    0.0452    0.2284       224       640   0.05109    0.4591    0.1456   0.04122   0.07431   0.09051   0.04223
     32/99     5.12G   0.08624    0.1016   0.04586    0.2337       218       640   0.05071    0.5028    0.1473    0.0417   0.07247   0.08995   0.04141
     33/99     5.12G    0.0859    0.1031   0.04476    0.2338       254       640   0.05509     0.574    0.1508   0.04018   0.07167    0.0877   0.04073
     34/99     5.12G   0.08658   0.09289   0.04407    0.2235       234       640   0.06057     0.624    0.1564   0.03966   0.07044   0.08649   0.04008
     35/99     5.12G   0.08551    0.1089   0.04452    0.2389       317       640   0.05114    0.5615     0.168   0.05184   0.06842   0.08784   0.03969
     36/99     5.12G   0.08131   0.09373   0.04289    0.2179       202       640   0.05345    0.5865    0.1829   0.04959   0.06736   0.08717   0.03902
     37/99     5.12G   0.08348     0.109   0.04344     0.236       277       640   0.04354    0.5865    0.1724   0.05494   0.06623   0.08582   0.03855
     38/99     5.12G   0.08117    0.1074   0.04212    0.2307       296       640   0.03983    0.6115    0.1699   0.05008   0.06556   0.08524   0.03812
     39/99     5.12G   0.07988    0.1027   0.04212    0.2247       273       640    0.0444    0.7183    0.1766   0.05093   0.06444   0.08467   0.03774
     40/99     5.12G   0.07629    0.0875   0.04165    0.2054       200       640   0.04197    0.7183    0.1746   0.04438   0.06386   0.08419    0.0373
     41/99     5.12G   0.07707    0.1014   0.04149      0.22       244       640   0.04789    0.8683    0.1919   0.06128   0.06126   0.08172   0.03685
     42/99     5.12G   0.07028    0.0778   0.03989     0.188       163       640   0.05031      0.85     0.201   0.05563   0.06079   0.08113   0.03636
     43/99     5.12G   0.07047    0.0818   0.04004    0.1923       218       640   0.04517    0.7875     0.207   0.06587   0.05901   0.07916     0.036
     44/99     5.12G   0.06869   0.08157    0.0393    0.1896       188       640   0.04735    0.7875     0.225   0.06709   0.05922   0.07882   0.03567
     45/99     5.12G    0.0707   0.09492   0.03943     0.205       253       640   0.04898      0.85    0.2169   0.07907   0.05683   0.07698    0.0354
     46/99     5.12G   0.06566   0.08166   0.03946    0.1868       179       640   0.05002     0.875      0.22   0.07366   0.05711   0.07719   0.03516
     47/99     5.12G   0.07095     0.102    0.0403    0.2132       318       640   0.04644    0.9183    0.1927   0.06804   0.05726   0.07722   0.03498
     48/99     5.12G   0.06682    0.1012   0.04062    0.2086       283       640   0.04736    0.9183    0.2053   0.07318   0.05645   0.07778   0.03485
     49/99     5.12G   0.06579   0.08825   0.03891    0.1929       261       640   0.04997    0.9183    0.2596   0.08134   0.05377   0.07557   0.03467
     50/99     5.12G   0.06331   0.08304   0.03952    0.1859       228       640   0.05419    0.9183    0.2654    0.1109   0.05166   0.07394   0.03453
     51/99     5.12G   0.06019   0.08142     0.037    0.1786       202       640    0.0596    0.9183    0.3089    0.1019   0.05329   0.07544    0.0344
     52/99     5.12G   0.06245   0.08037   0.03776    0.1806       191       640   0.06312    0.9183    0.3022    0.1176   0.05138   0.07262   0.03428
     53/99     5.12G   0.05878   0.07563   0.03815    0.1726       176       640   0.06106    0.9183    0.2919    0.1212   0.05253   0.07328   0.03408
     54/99     5.12G   0.05995   0.08159   0.03643     0.178       235       640   0.06621    0.9183    0.3052    0.1305   0.04952   0.06991   0.03394
     55/99     5.12G   0.05879   0.08629   0.03823    0.1833       294       640   0.06919    0.9183    0.3353    0.1471   0.04858   0.06875   0.03385
     56/99     5.12G   0.06097   0.09853   0.03939    0.1989       316       640   0.06357    0.9183    0.3177    0.1373   0.04869   0.06889   0.03373
     57/99     5.12G    0.0567   0.08034   0.03804    0.1751       190       640     0.072    0.9183    0.3042    0.1482    0.0473   0.06793   0.03361
     58/99     5.12G   0.05813   0.08575    0.0382    0.1821       264       640   0.07033         1    0.3007    0.1374   0.04814   0.06748   0.03346
     59/99     5.12G   0.06079   0.08633   0.03833    0.1854       324       640   0.06687    0.9808    0.2929    0.1335   0.05111   0.07111   0.03344
     60/99     5.12G   0.05861   0.08999   0.03737     0.186       249       640   0.06679    0.8558    0.3209    0.1529   0.04763    0.0678   0.03351
     61/99     5.12G   0.05676    0.0838   0.03841     0.179       215       640    0.0794     0.875    0.3219    0.1696    0.0458    0.0662   0.03356
     62/99     5.12G   0.05505   0.08233   0.03718    0.1745       259       640   0.08288     0.875    0.3227    0.1808    0.0446   0.06512   0.03346
     63/99     5.12G     0.058   0.08875   0.03798    0.1847       263       640   0.08623     0.875    0.3404    0.1905   0.04292   0.06392   0.03336
     64/99     5.12G   0.05704   0.07719   0.03956    0.1738       240       640    0.0931     0.875     0.347    0.1909   0.04323   0.06359    0.0334
     65/99     5.12G   0.05484   0.08714   0.03742    0.1794       266       640   0.09328     0.875    0.3535    0.1906   0.04261   0.06264   0.03345
     66/99     5.12G   0.05797   0.08552   0.03766    0.1811       234       640   0.08434     0.875    0.3573    0.1953   0.04244   0.06204   0.03342
     67/99     5.12G   0.04942   0.07743   0.03846    0.1653       187       640   0.09393    0.9808    0.3524    0.1753   0.04427   0.06269   0.03342
     68/99     5.12G   0.05223   0.09107   0.03836    0.1817       294       640   0.08666    0.9375    0.3428    0.1783   0.04351   0.06249   0.03341
     69/99     5.12G    0.0516   0.07743   0.03691    0.1659       199       640    0.1007    0.9375    0.3622     0.186   0.04244   0.06111   0.03338
     70/99     5.12G   0.05377   0.07597   0.03672    0.1665       204       640   0.09665    0.9375    0.3583    0.2007   0.04218   0.06051   0.03331
     71/99     5.12G   0.05219   0.09023   0.03762      0.18       357       640   0.08584    0.9375     0.346    0.1814   0.04596    0.0637   0.03328
     72/99     5.12G    0.0542   0.07884   0.03746    0.1705       259       640    0.1037    0.9375    0.3639    0.2152   0.04024   0.05908   0.03331
     73/99     5.12G   0.05063   0.07776    0.0381    0.1665       271       640   0.08578    0.7933    0.3603    0.1937   0.04153   0.06028   0.03345
     74/99     5.12G   0.05081   0.08158   0.03658     0.169       241       640    0.1119     0.875    0.3793    0.2255   0.03921   0.05863   0.03347
     75/99     5.12G   0.04752   0.07788   0.03611    0.1615       225       640    0.1203    0.8558     0.396    0.2358   0.04135   0.06074   0.03339
     76/99     5.12G   0.05334   0.08843   0.03705    0.1788       284       640    0.1242    0.8558    0.3822    0.2289   0.03899   0.05979   0.03339
     77/99     5.12G   0.04862   0.08925    0.0368    0.1747       287       640    0.1287    0.8558    0.4044    0.2523    0.0373   0.05857    0.0334
     78/99     5.12G   0.05008   0.08155    0.0366    0.1682       293       640    0.1216     0.875    0.3914    0.2371   0.03732   0.05801   0.03332
     79/99     5.12G    0.0469   0.08404   0.03623    0.1672       241       640    0.1187     0.875    0.3842    0.2322   0.03664   0.05754   0.03329
     80/99     5.12G   0.04708   0.08001   0.03686    0.1639       217       640    0.1039    0.8125    0.3787    0.2236   0.03916   0.05952   0.03327
     81/99     5.12G   0.04392   0.08076   0.03558    0.1603       276       640    0.1029    0.8125    0.3882    0.2136   0.03773   0.05785   0.03325
     82/99     5.12G   0.04363   0.06901   0.03583    0.1485       241       640    0.1064    0.8125    0.4051    0.2416   0.03624   0.05672    0.0332
     83/99     5.12G   0.04573   0.08193   0.03725    0.1649       287       640   0.09975    0.8125    0.3962    0.2179    0.0382   0.05797   0.03318
     84/99     5.12G   0.04686    0.0889   0.03778    0.1735       297       640    0.1071    0.8125    0.4089    0.2353   0.03687   0.05732   0.03321
     85/99     5.12G   0.04944   0.07127    0.0369    0.1576       266       640     0.108    0.8125     0.383    0.1785   0.04437   0.06255   0.03322
     86/99     5.12G   0.04914   0.08283   0.03765    0.1696       255       640    0.1256    0.8125     0.392    0.2593   0.03524   0.05541   0.03324
     87/99     5.12G   0.04683   0.07183   0.03716    0.1558       233       640    0.1119    0.8125    0.3651     0.198   0.04005   0.05967   0.03326
     88/99     5.12G   0.04799   0.07433   0.03738    0.1597       217       640     0.124    0.8125    0.3705    0.2202   0.03756   0.05735   0.03325
     89/99     5.12G   0.04755   0.08262    0.0374    0.1676       253       640    0.1347    0.8125    0.3767     0.219   0.03653   0.05711   0.03326
     90/99     5.12G    0.0483   0.07069   0.03691    0.1559       159       640    0.1337    0.8125    0.3827    0.2344    0.0361   0.05659   0.03323
     91/99     5.12G   0.04661   0.07423   0.03786    0.1587       239       640    0.1358    0.8125    0.3674    0.2021   0.03857   0.05879   0.03321
     92/99     5.12G   0.04592   0.08595   0.03705    0.1689       338       640    0.1395    0.8125    0.3829    0.2434   0.03492   0.05555   0.03319
     93/99     5.12G   0.04638   0.06804   0.03674    0.1512       162       640    0.1257    0.8125    0.3574    0.2237   0.03908   0.05879   0.03317
     94/99     5.12G    0.0473   0.09109   0.03633    0.1747       346       640    0.1502    0.8125    0.3934    0.2641    0.0331   0.05456   0.03317
     95/99     5.12G   0.04592   0.07929   0.03609    0.1613       193       640     0.128    0.8125     0.374    0.2054   0.03487    0.0556   0.03321
     96/99     5.12G   0.04368   0.07728   0.03759    0.1585       258       640    0.1368    0.8125     0.378    0.2407   0.03521   0.05598   0.03321
     97/99     5.12G   0.04427   0.08164   0.03678    0.1627       303       640    0.1349    0.8125    0.3689    0.2458   0.03393   0.05503   0.03319
     98/99     5.12G   0.04762   0.07642    0.0355    0.1595       284       640    0.1247    0.8125    0.3621     0.216   0.04055   0.05952   0.03318
     99/99     5.12G   0.04841   0.07744   0.03595    0.1618       199       640    0.1323    0.8125     0.377    0.2263   0.03485    0.0553   0.03319
