      0/99      4.5G    0.1129   0.09737   0.04808    0.2584        57       640         0         0   0.01008  0.001733    0.1087    0.0831   0.04774
      1/99     4.53G    0.1103     0.105   0.04973     0.265        46       640         0         0  0.007258  0.001233    0.1072   0.08466   0.04754
      2/99     4.53G    0.1123    0.1026   0.04924    0.2641        40       640         0         0  0.005594 0.0009059    0.1046   0.08725   0.04732
      3/99     4.53G      0.11    0.1111   0.04951    0.2706        70       640         0         0  0.006068  0.001147    0.1016   0.09022   0.04712
      4/99     4.53G    0.1081    0.1135   0.04873    0.2704        57       640         0         0  0.004253 0.0007956   0.09918   0.09246   0.04698
      5/99     4.53G    0.1049    0.1038   0.04869    0.2574        37       640         0         0  0.003535 0.0005826   0.09681   0.09452   0.04676
      6/99     4.53G    0.1026     0.117   0.04905    0.2687        82       640         0         0  0.004654  0.001151   0.09443   0.09628   0.04658
      7/99     4.53G    0.1047    0.1465   0.04732    0.2985       120       640         0         0  0.006406  0.001077   0.09254   0.09737   0.04639
      8/99     4.53G    0.1005    0.1262   0.04908    0.2758        69       640      0.25  0.004902   0.01102  0.001539   0.09074   0.09848   0.04617
      9/99     4.53G    0.0992    0.1391   0.04826    0.2865        81       640      0.25  0.004902   0.01272   0.00219   0.08928    0.0988   0.04609
     10/99     4.53G   0.09754    0.1168   0.04863     0.263        66       640      0.25  0.004902   0.01419  0.002543   0.08809   0.09873   0.04588
     11/99     4.53G    0.0951    0.1178   0.04738    0.2603        48       640      0.25  0.004902   0.01788  0.003832   0.08668   0.09841   0.04576
     12/99     4.53G   0.09158    0.1117   0.04717    0.2505        56       640      0.25  0.004902   0.02186  0.004566   0.08529   0.09753   0.04553
     13/99     4.53G   0.08718     0.116   0.04803    0.2512        39       640      0.25  0.004902   0.03457  0.005925   0.08413   0.09593   0.04523
     14/99     4.53G    0.0927    0.1313    0.0478    0.2718        48       640         0         0   0.04993  0.008625   0.08307   0.09352   0.04514
     15/99     4.53G   0.08761    0.1222   0.04686    0.2567        59       640         0         0   0.05831   0.01105   0.08215   0.09017   0.04517
     16/99     4.53G   0.08651   0.09738   0.04571    0.2296        43       640         0         0   0.07133   0.01387   0.08127   0.08689   0.04491
     17/99     4.53G   0.08656    0.1222   0.04692    0.2557        92       640    0.1023   0.05086   0.08901   0.01662   0.08047    0.0834   0.04497
     18/99     4.53G    0.0831    0.1072   0.04706    0.2374        51       640    0.1356    0.2009    0.1103   0.02386    0.0794   0.07986     0.045
     19/99     4.53G   0.08085   0.09587   0.04654    0.2233        28       640   0.08844    0.3187    0.1196   0.02834   0.07829   0.07685   0.04509
     20/99     4.53G   0.07973    0.1036   0.04543    0.2288        63       640   0.07195    0.7158    0.1325   0.03234   0.07689   0.07526   0.04529
     21/99     4.53G   0.08042   0.09177   0.04592    0.2181        42       640   0.05455     0.813    0.1276   0.03145    0.0753   0.07485    0.0454
     22/99     4.53G   0.08047    0.1106   0.04596     0.237        74       640   0.04378     0.813    0.1167   0.03305   0.07402   0.07591   0.04549
     23/99     4.53G   0.07523   0.08902   0.04557    0.2098        42       640   0.04352    0.8584    0.1281   0.03445   0.07119   0.07685   0.04536
     24/99     4.53G   0.07474    0.1051   0.04544    0.2253        95       640   0.04327    0.8887     0.125   0.03488   0.07035   0.07769   0.04522
     25/99     4.53G   0.07376   0.09023   0.04434    0.2083        78       640   0.04345    0.9228    0.1328   0.03817    0.0673   0.07733   0.04479
     26/99     4.53G   0.07339    0.1071    0.0447    0.2252        87       640   0.04062    0.9483    0.1275   0.03387   0.06726   0.07986   0.04441
     27/99     4.53G   0.07141   0.09774   0.04395    0.2131        83       640    0.0412    0.9532    0.1438   0.04171    0.0644   0.07931   0.04395
     28/99     4.53G   0.06874   0.09074   0.04458    0.2041        75       640    0.0428    0.9581    0.1737   0.04423   0.06291    0.0776   0.04364
     29/99     4.53G   0.06577   0.08328    0.0441    0.1932        54       640   0.04408    0.9673    0.1513   0.04389   0.06097   0.07433   0.04316
     30/99     4.53G   0.06533    0.0872   0.04392    0.1965        85       640   0.04857    0.9766    0.1812   0.06119   0.05739   0.06799   0.04267
     31/99     4.53G   0.06291   0.09037   0.04374     0.197        87       640   0.05005    0.9815    0.2011   0.06249   0.05808   0.06649   0.04248
     32/99     4.53G   0.06012   0.07277    0.0434    0.1763        53       640   0.05222    0.9907    0.2027   0.06906   0.05546   0.06311   0.04261
     33/99     4.53G   0.05946   0.08168   0.04267    0.1838        68       640   0.05208         1    0.2078   0.08431   0.05384   0.06125   0.04261
     34/99     4.53G   0.05852   0.08106    0.0422    0.1818        79       640   0.05574         1    0.2385   0.09368   0.05122   0.05908   0.04245
     35/99     4.53G    0.0568   0.08172   0.04246     0.181        65       640   0.05407         1    0.2561    0.1009   0.05096     0.059   0.04204
     36/99     4.53G   0.05904   0.06497   0.04292    0.1669        35       640   0.05804         1    0.3018    0.1248   0.04918    0.0569   0.04182
     37/99     4.53G   0.05529   0.08483   0.04235    0.1825        91       640   0.06142         1    0.2814    0.1244   0.04897    0.0557    0.0417
     38/99     4.53G   0.05401    0.0744   0.04128    0.1697        60       640   0.06477         1    0.2942    0.1197   0.04781   0.05444   0.04168
     39/99     4.53G   0.05257   0.08965   0.04197    0.1842        96       640   0.06809         1     0.308    0.1427   0.04668   0.05453   0.04184
     40/99     4.53G   0.05204   0.06933   0.04121    0.1626        56       640   0.07591         1     0.329    0.1663   0.04386   0.05229   0.04193
     41/99     4.53G   0.04978    0.0635   0.04177     0.155        58       640   0.08584         1    0.3394    0.1734   0.04345   0.05086   0.04161
     42/99     4.53G   0.05084   0.06274   0.04169    0.1553        37       640   0.08078         1    0.3405    0.1642   0.04338   0.05045   0.04107
     43/99     4.53G   0.04886   0.06753   0.04164     0.158        65       640   0.08669         1    0.3527    0.1722   0.04091   0.04966   0.04103
     44/99     4.53G   0.04596   0.06834   0.04176    0.1561        71       640   0.08297         1     0.378    0.1884   0.04124   0.04983   0.04091
     45/99     4.53G   0.04685   0.07314   0.04092    0.1609        78       640   0.07298         1    0.4273    0.2242    0.0466   0.05197   0.04107
     46/99     4.53G   0.04872   0.06872   0.04051     0.158        64       640   0.08665         1    0.4952     0.289   0.03948    0.0489   0.04163
     47/99     4.53G   0.04401   0.05739   0.04277    0.1442        40       640   0.09161         1    0.4955    0.2349   0.04543   0.05021   0.04175
     48/99     4.53G   0.04677   0.06126   0.04111    0.1491        57       640   0.09158         1    0.4742    0.2519   0.04312   0.04859   0.04164
     49/99     4.53G   0.04457   0.05463   0.04223    0.1414        38       640    0.1137         1    0.6315    0.3469     0.042   0.04717    0.0418
     50/99     4.53G   0.04969   0.06041   0.04119    0.1513        35       640    0.1085         1     0.641    0.3931   0.04046   0.04697   0.04165
     51/99     4.53G   0.04461   0.06464   0.04113    0.1504        42       640    0.1203         1    0.6554    0.4354    0.0378   0.04669   0.04169
     52/99     4.53G   0.04507   0.06966   0.04049    0.1552        85       640    0.1073         1    0.6409    0.2872   0.03867   0.04615   0.04154
     53/99     4.53G   0.04616   0.06287   0.04106    0.1501        50       640   0.07552         1    0.4766    0.2235   0.05391   0.04956   0.04141
     54/99     4.53G   0.04665   0.05687   0.04169    0.1452        53       640    0.1041         1    0.6269    0.2563   0.03966   0.04625    0.0417
     55/99     4.53G   0.04481    0.0582   0.04074    0.1437        65       640   0.09941         1    0.5059    0.3249   0.03931   0.04612    0.0413
     56/99     4.53G   0.04138   0.05392   0.04092    0.1362        52       640   0.07666         1    0.4801    0.2146    0.0478   0.04776   0.04115
     57/99     4.53G   0.05315    0.0629   0.03981    0.1559        54       640   0.05737         1    0.5316    0.3182   0.05998   0.05128   0.04073
     58/99     4.53G   0.05596   0.05959   0.04079    0.1563        46       640    0.1092         1    0.6659    0.4197   0.03867   0.04666   0.04119
     59/99     4.53G   0.04989   0.06423   0.04183     0.156        60       640    0.0747         1    0.6229    0.3872    0.0532   0.04797   0.04136
     60/99     4.53G   0.04817   0.07338   0.04059    0.1621        92       640    0.1056         1    0.6775    0.4453   0.03894   0.04649   0.04179
     61/99     4.53G   0.05036   0.07196    0.0405    0.1628        80       640   0.06828         1    0.6149    0.1582   0.05859   0.04787   0.04143
     62/99     4.53G   0.04861   0.07001   0.03983    0.1584        74       640   0.09789         1    0.6766    0.3988   0.03789   0.04548   0.04137
     63/99     4.53G   0.04807   0.07371   0.03949    0.1613        85       640   0.06418         1    0.6492    0.3285   0.05144   0.04749   0.04097
     64/99     4.53G    0.0452   0.06179   0.04037    0.1474        56       640    0.0959         1    0.6694    0.3361   0.03895   0.04512    0.0408
     65/99     4.53G   0.05011    0.0612   0.03994    0.1512        61       640   0.05848         1    0.6005    0.1989   0.06025   0.04907   0.04111
     66/99     4.53G   0.05759   0.06211   0.04093    0.1606        87       640   0.07717         1    0.6202    0.2342   0.05149   0.04542   0.04124
     67/99     4.53G   0.05276   0.06934   0.03933    0.1614        78       640   0.07281         1    0.5925    0.2591   0.05058   0.04631   0.04108
     68/99     4.53G   0.04644    0.0573   0.04037    0.1441        66       640    0.1302         1    0.6517    0.3144   0.03773   0.04484   0.04079
     69/99     4.53G   0.04602   0.05353    0.0408    0.1403        33       640   0.07084         1    0.5788    0.2356   0.05791   0.04653   0.04083
     70/99     4.53G    0.0516   0.05801   0.03881    0.1484        47       640   0.07649         1    0.6183    0.2635   0.04918   0.04562   0.04057
     71/99     4.53G   0.04791   0.05447   0.03962     0.142        42       640   0.07804         1    0.6438    0.3963   0.04172   0.04538   0.04036
     72/99     4.53G   0.04618   0.06366   0.03991    0.1497        71       640    0.0816         1     0.644    0.4532   0.03973   0.04421   0.04008
     73/99     4.53G   0.04591    0.0684   0.03972     0.154        64       640    0.0705         1    0.6496    0.2061   0.05116    0.0472   0.03992
     74/99     4.53G   0.04564   0.06674   0.04018    0.1526        53       640    0.1119         1    0.6844    0.4453   0.03516   0.04428   0.03966
     75/99     4.53G   0.04286    0.0679   0.03975    0.1505        84       640   0.06499         1    0.6526     0.301   0.04939   0.04738   0.03969
     76/99     4.53G   0.04498   0.05155   0.03928    0.1358        32       640    0.1102         1     0.684    0.4454   0.03511   0.04282   0.03976
     77/99     4.53G   0.04292   0.06619   0.03908    0.1482        73       640   0.06485         1    0.6672    0.3652   0.04743   0.04606   0.03946
     78/99     4.53G   0.04533   0.06344   0.03965    0.1484        85       640   0.07477         1    0.6515    0.3752   0.04278   0.04461   0.03908
     79/99     4.53G    0.0447   0.06357   0.03918    0.1475        69       640   0.09177         1    0.6849    0.4106   0.04246   0.04451   0.03889
     80/99     4.53G   0.04293   0.05661   0.03979    0.1393        68       640    0.1135         1    0.6864    0.4052   0.03396   0.04278   0.03889
     81/99     4.53G   0.04164   0.07965    0.0396    0.1609        87       640    0.1214         1    0.6895    0.4836   0.03761   0.04475   0.03881
     82/99     4.53G   0.03604   0.06032   0.03848    0.1348        90       640    0.1379         1    0.7139    0.4577   0.03076   0.04163   0.03872
     83/99     4.53G   0.03709   0.05218   0.03913    0.1284        60       640   0.09263         1    0.6885    0.3074   0.04156   0.04382   0.03867
     84/99     4.53G   0.03841   0.05305   0.03971    0.1312        70       640    0.1376         1    0.7194    0.5253   0.03086   0.04098   0.03884
     85/99     4.53G   0.04084   0.05527   0.04018    0.1363        37       640   0.06958         1    0.6319    0.2563    0.0482   0.04547    0.0389
     86/99     4.53G   0.04237   0.06712   0.03872    0.1482        97       640    0.1269         1    0.7166    0.5134   0.03282   0.04134   0.03913
     87/99     4.53G   0.03734   0.05796   0.03841    0.1337        50       640   0.09407         1    0.6838     0.383   0.04096   0.04345   0.03908
     88/99     4.53G   0.03923   0.05713   0.03972    0.1361        66       640    0.1168         1    0.7128    0.5056   0.03117   0.04069   0.03943
     89/99     4.53G   0.03804    0.0641   0.03855    0.1407        91       640   0.09025         1     0.701    0.3797   0.03953    0.0433   0.03928
     90/99     4.53G    0.0379   0.05922   0.03828    0.1354        65       640    0.1597         1    0.7205     0.488   0.02971   0.04022   0.03906
     91/99     4.53G   0.03392    0.0555   0.03873    0.1282        47       640    0.1023         1    0.7193    0.5463   0.03468   0.04236   0.03896
     92/99     4.53G   0.03521   0.05435   0.03768    0.1272        53       640    0.1571         1    0.7393    0.5696   0.02905   0.04001   0.03879
     93/99     4.53G   0.04016   0.05338   0.03936    0.1329        52       640   0.08734         1    0.7084    0.3253   0.04135   0.04389    0.0389
     94/99     4.53G   0.03964   0.05881   0.03857     0.137        69       640    0.1514         1    0.7498    0.5398   0.02976    0.0396     0.039
     95/99     4.53G   0.03788   0.05297   0.03848    0.1293        56       640   0.08391         1    0.7338    0.3626    0.0434   0.04401   0.03887
     96/99     4.53G   0.04213    0.0571   0.03885    0.1381        60       640    0.1101         1    0.7646    0.5459   0.03223   0.04063   0.03901
     97/99     4.53G   0.03983   0.07667   0.03841    0.1549       106       640    0.1094         1    0.7385    0.5544   0.03735   0.04307   0.03881
     98/99     4.53G   0.03678   0.06006   0.03822    0.1351        73       640    0.1248         1    0.7553    0.5411   0.03091   0.04158   0.03879
     99/99     4.53G   0.04158   0.07113   0.03767    0.1504        91       640   0.08387         1    0.7358    0.3286   0.04484   0.04465   0.03852
